20 50
6 8 12 8 5 2 6 4 16 0 11 17 5 18 6 19 5 14 1 20 3 5 6 17 12 16 19 13 4 10 0 0 7 15 12 16 2 6 9 18 11 15 8 5 6 2 10 4 12 10
16 5 6 9 16 11 11 4 4 13 4 9 17 14 17 2 15 20 13 20 7 14 1 7 15 9 19 10 8 18 10 18 8 15 4 3 13 15 12 14 13 2 18 20 2 20 19 8 19 1
18 16 11 5 0 2 16 8 19 18 6 2 0 1 20 8 9 4 7 17 15 4 17 20 9 13 0 14 15 7 20 10 7 5 16 20 14 2 11 15 5 16 6 6 13 3 19 10 3 4
2 20 7 19 19 13 19 19 10 13 18 17 15 8 18 11 9 14 4 15 0 13 3 12 7 5 3 19 1 11 5 17 4 11 2 1 9 15 12 3 2 18 13 8 10 7 15 5 14 18
3 7 20 16 20 2 3 8 13 12 1 18 14 11 12 5 7 1 2 11 11 10 17 7 16 4 13 10 16 5 8 17 4 10 20 20 10 19 6 19 0 14 13 11 3 3 14 15 14 5
16 11 18 8 0 0 14 2 20 4 7 12 0 8 5 9 12 18 9 11 10 3 9 4 10 20 20 5 19 5 3 10 14 20 8 12 5 1 15 19 15 1 6 8 1 13 11 3 17 13
16 1 8 20 19 14 18 12 14 6 20 3 7 7 12 20 5 4 2 11 11 0 3 19 6 12 4 7 18 17 6 19 16 3 4 13 16 6 11 3 8 14 5 10 17 20 18 0 7 4
15 10 2 3 8 15 17 5 2 19 4 3 13 5 4 18 14 3 17 18 4 18 20 18 0 12 12 17 19 8 14 8 12 15 2 7 16 14 19 7 16 2 18 15 11 0 9 18 18 7
19 13 14 12 8 15 18 14 12 4 15 13 4 12 15 5 5 15 14 5 11 16 3 0 4 17 19 18 7 4 15 14 12 11 11 6 18 4 19 4 17 17 9 11 0 7 4 10 4 8
18 2 12 5 19 11 2 19 9 14 13 9 11 7 11 9 0 5 0 12 17 14 1 1 7 3 1 10 11 4 1 7 6 20 15 13 0 14 7 1 20 14 12 10 19 4 7 9 13 16
10 9 19 13 14 8 7 5 8 9 14 8 12 14 2 5 3 19 3 19 5 20 7 10 18 4 14 10 16 4 10 3 11 9 3 2 8 14 13 0 14 2 3 15 20 0 6 20 1 16
0 9 9 15 2 15 1 4 3 3 8 9 7 10 8 6 16 7 0 7 16 4 1 2 13 3 5 17 20 7 7 1 20 10 14 18 1 14 16 3 7 13 14 9 17 6 17 4 8 15
3 8 1 3 20 14 7 3 15 12 11 6 2 13 9 6 5 12 1 11 4 1 19 8 13 8 14 20 15 0 15 17 9 16 1 10 9 6 0 18 15 5 8 1 5 9 7 18 6 13
9 0 5 18 12 20 17 3 4 9 20 19 3 16 11 13 8 14 12 6 17 10 14 0 9 14 10 10 6 7 12 9 2 4 18 4 0 3 12 11 10 20 5 9 2 16 5 0 6 0
4 18 8 9 6 5 6 7 19 4 3 2 4 5 6 14 12 5 7 10 20 1 2 1 0 11 20 2 9 19 20 5 17 18 17 16 11 10 11 8 19 4 17 12 17 4 19 14 2 8
12 3 2 12 3 8 16 12 6 13 8 3 7 0 12 13 15 5 0 2 19 1 20 17 14 11 10 13 9 6 9 3 19 12 6 4 13 2 5 2 12 9 18 6 8 20 18 4 6 0
13 12 6 20 11 6 13 16 19 0 18 3 4 1 19 0 13 17 19 9 16 13 18 8 17 4 12 2 6 18 17 18 7 19 3 0 7 5 12 9 4 18 2 16 9 17 11 7 12 4
15 16 5 9 15 18 10 19 10 8 5 2 4 20 20 11 13 5 18 5 8 14 2 7 14 8 9 0 7 5 13 11 11 9 8 8 6 5 2 9 16 17 2 10 1 2 9 10 9 19
18 12 9 3 3 8 1 7 6 8 8 8 11 4 6 13 14 4 19 6 6 7 19 19 8 12 10 1 1 1 8 10 11 19 12 7 19 6 0 14 17 15 14 9 1 20 18 12 4 19
11 19 7 7 1 7 16 12 11 15 1 11 19 18 7 15 20 13 3 0 12 6 2 1 10 12 7 18 9 6 18 13 7 13 4 1 9 8 20 18 8 17 9 15 16 14 17 3 2 5
50 20
40 43 2 34 27 45 30 30 3 18 33 0 28 25 10 41 4 45 16 35 32 30 24 31 30 29 20 29 14 3 25 42 25 42 40 25 22 19 34 19 32 13 43 32 34
47 48 0 19 7 33 15 8 45 10 1 27 2 23 32 0 49 50 32 13 26 19 2 45 13 28 5 21 0 24 19 16 11 45 9 27 41 6 15 26 33 4 9 3 38
12 4 26 9 47 23 7 15 24 0 11 48 34 14 35 18 17 25 50 49 21 44 19 32 45 2 10 8 1 50 50 13 6 43 21 20 46 31 29 12 14 5 24 27 17
24 11 32 24 45 47 16 26 8 11 21 40 4 25 26 35 38 3 20 4 34 32 2 7 12 39 44 41 41 30 33 14 25 50 13 5 29 49 10 16 45 15 2 12 42
4 4 19 12 35 16 41 7 33 30 34 19 43 6 2 6 22 46 5 20 11 7 24 39 12 36 20 43 16 7 28 43 41 10 34 30 9 32 12 44 9 17 5 38 32
7 42 12 49 34 49 48 0 40 50 38 1 7 29 1 39 8 45 43 14 46 12 8 34 2 1 46 7 21 19 41 48 22 21 35 2 46 28 29 45 11 14 48 23 47
39 20 39 31 47 33 50 11 21 10 43 10 14 7 36 5 39 8 38 41 30 6 49 4 8 7 30 2 35 42 26 36 34 9 41 30 11 27 5 12 2 13 34 4 24
7 26 0 23 25 29 22 21 32 44 20 1 42 33 26 4 33 32 34 15 49 9 3 23 3 40 17 36 0 8 27 27 0 7 33 36 25 38 44 34 4 29 39 35 48
24 33 38 0 35 35 39 11 31 47 33 4 6 49 27 28 6 36 20 25 4 35 26 14 4 0 2 29 6 6 48 3 0 47 46 35 31 22 39 1 49 33 19 15 11
37 3 33 38 20 15 23 22 32 1 26 14 0 39 47 43 35 11 26 25 46 13 17 39 27 33 22 0 18 6 17 27 5 9 8 46 9 49 8 32 48 35 46 24 34
12 11 50 38 44 43 32 10 8 8 45 16 41 9 42 33 13 2 22 43 40 45 17 21 31 45 50 22 37 48 8 48 41 17 25 2 6 8 20 6 47 41 39 11 34
44 28 47 38 30 43 47 4 20 12 46 30 24 8 42 2 11 6 49 43 23 37 25 28 44 33 41 20 35 45 8 31 43 50 36 37 20 41 37 8 28 6 16 1 44
32 10 14 25 46 26 13 31 50 12 40 14 9 35 12 1 17 34 32 18 16 1 14 23 28 34 23 13 27 27 29 26 5 44 25 14 0 37 15 44 40 19 49 25 24
43 25 6 38 47 39 13 2 26 18 41 7 45 36 36 45 2 46 20 14 20 0 50 19 21 16 10 47 9 29 39 2 21 2 40 50 26 36 49 23 29 7 49 37 24
41 46 38 29 15 30 33 41 11 37 13 18 31 18 44 3 9 22 26 33 45 16 30 21 33 29 9 11 34 37 10 31 21 28 43 32 21 23 34 29 49 0 14 39 40
38 14 30 23 27 48 16 9 35 14 30 28 45 4 44 25 32 23 48 19 13 18 18 24 18 50 14 35 35 38 1 13 19 43 43 48 11 21 26 11 50 45 18 37 40
46 43 49 10 10 32 11 28 1 22 41 10 30 46 50 20 8 49 29 39 25 25 41 39 10 25 44 50 40 0 3 14 5 38 9 45 23 24 15 16 26 38 18 22 13
21 24 11 27 10 0 35 28 43 26 4 15 3 18 44 31 24 18 35 21 7 6 12 2 4 8 13 48 18 49 4 21 21 50 39 10 44 21 7 0 10 20 37 7 24
4 1 12 30 37 35 46 35 0 3 48 34 36 14 20 4 0 48 18 46 9 26 14 33 9 30 18 46 15 41 16 24 34 17 34 37 39 50 20 20 23 3 7 20 49
39 26 20 35 28 15 45 50 11 5 34 36 4 34 20 0 32 32 11 6 33 16 7 37 1 40 2 45 21 26 45 28 43 34 30 27 39 33 32 7 15 13 28 23 30
0 33 37 42 7 43 11 23 17 14 32 21 39 33 5 39 30 28 35 6 18 5 10 50 0 50 0 50 24 48 41 24 22 9 22 4 42 21 22 10 41 37 40 0 28
10 4 46 41 17 12 46 29 10 19 35 42 50 16 13 4 2 29 35 42 38 0 16 43 42 13 47 5 10 44 38 45 30 32 21 33 46 10 25 16 13 22 11 8 4
42 39 32 14 0 16 23 29 16 4 33 21 3 9 49 21 4 0 27 29 27 28 18 33 27 14 27 42 5 20 46 11 33 48 34 50 11 43 15 6 23 24 10 6 18
3 32 15 44 36 21 19 31 15 25 10 42 43 31 34 17 47 40 16 12 24 43 29 43 49 6 37 20 24 36 5 23 23 32 29 12 20 21 34 14 16 23 27 22 48
43 17 30 13 14 0 8 6 26 13 23 7 11 29 50 4 32 6 33 26 33 38 33 31 3 43 19 48 23 30 50 18 25 33 6 1 26 42 19 19 50 24 5 4 15
47 35 29 24 50 10 46 28 31 29 26 28 37 4 38 14 12 20 38 8 12 43 16 44 13 7 0 22 23 13 40 43 25 18 47 39 26 19 13 17 20 11 6 27 44
9 30 16 47 37 25 7 24 28 50 46 30 46 33 10 44 26 2 43 17 37 7 46 17 37 22 1 33 16 42 24 15 24 23 48 33 5 18 42 49 38 25 1 37 14
9 9 15 4 28 1 9 13 43 38 28 38 5 0 4 31 0 26 38 25 0 27 1 30 5 38 43 34 0 31 5 42 6 13 46 18 28 9 26 25 14 31 16 8 21
19 40 18 45 12 0 5 26 38 14 19 0 32 15 37 4 19 8 41 50 4 47 38 29 5 30 39 38 18 47 30 8 34 21 8 23 17 4 41 4 22 29 21 4 50
24 21 29 28 39 26 46 1 20 5 49 40 50 21 48 15 18 18 36 48 3 37 28 31 15 23 4 35 13 37 24 37 14 28 5 49 1 42 31 7 9 50 3 20 1
24 20 12 37 38 29 20 5 24 49 35 29 48 10 40 2 16 35 50 30 0 13 36 48 5 24 50 42 26 25 36 25 40 38 49 6 29 42 46 11 31 20 4 44 32
3 20 48 44 8 49 40 33 48 6 50 44 6 27 3 3 46 33 39 20 17 24 42 24 47 25 9 12 34 38 22 0 47 34 12 5 27 7 5 21 41 35 50 48 6
32 5 40 29 14 14 21 25 8 32 39 3 11 8 10 32 9 24 13 3 18 30 6 11 9 30 34 15 44 45 41 49 47 43 36 12 19 40 22 8 31 3 35 21 45
50 43 41 24 2 24 6 40 24 32 8 13 50 27 17 42 9 47 22 31 11 22 32 17 36 22 46 29 11 27 34 21 31 12 23 39 45 47 49 32 6 50 9 41 37
3 48 13 13 34 49 18 14 23 26 41 43 23 15 11 40 21 18 11 13 5 39 50 33 5 25 45 36 47 6 24 48 29 45 18 29 35 11 38 0 43 23 8 47 24
37 47 9 19 44 34 15 34 12 37 47 24 17 19 31 29 38 25 19 36 4 2 0 39 17 11 30 46 9 31 17 16 6 47 5 1 13 41 43 1 44 14 39 28 41
37 33 12 27 17 35 11 46 43 36 45 36 12 3 9 2 4 10 40 50 9 10 1 23 13 40 12 41 16 46 44 8 50 45 50 28 20 37 7 21 9 7 11 26 3
26 18 36 30 17 6 38 48 35 37 8 37 36 34 39 47 36 13 24 35 30 34 48 15 40 20 11 40 34 37 33 7 22 24 10 6 6 28 13 3 20 41 38 20 32
3 44 10 37 17 43 26 23 24 19 3 6 30 33 39 48 35 31 50 35 21 25 17 31 2 8 23 4 11 10 32 15 42 26 31 30 44 14 5 0 5 29 14 27 47
9 49 32 46 13 12 30 31 0 46 31 6 37 48 8 13 37 44 21 20 6 21 35 45 44 0 24 11 16 24 7 45 26 15 13 45 10 10 11 5 38 20 39 20 21
37 13 19 3 32 19 29 11 6 41 10 7 13 6 42 50 28 39 21 17 50 5 3 19 7 15 38 0 10 40 18 45 50 30 12 32 3 1 36 24 25 15 5 22 1
24 22 16 21 33 26 23 6 11 38 41 5 15 1 0 20 8 20 8 23 46 23 45 17 24 36 17 26 45 11 16 6 11 50 43 40 28 6 20 16 36 50 21 48 32
40 14 6 19 50 6 15 4 48 50 44 14 3 28 12 12 26 13 12 1 49 5 29 40 14 10 21 45 1 41 30 20 1 25 30 9 39 27 42 40 22 42 30 39 11
43 4 29 2 49 23 23 39 1 13 42 46 40 11 44 29 19 44 33 50 44 27 37 25 36 13 29 6 10 10 13 21 29 38 2 33 29 42 28 31 22 48 21 18 33
24 34 36 45 10 27 30 8 22 15 2 13 40 48 13 43 31 27 49 40 4 30 46 7 3 28 47 31 20 16 48 6 41 12 32 43 15 13 7 37 22 15 46 35 43
3 15 10 48 18 21 40 0 25 37 27 18 42 24 41 37 10 40 9 22 2 4 6 42 5 43 36 8 45 5 34 46 24 41 39 24 50 8 39 47 4 44 30 24 4
0 21 21 27 31 6 8 24 27 3 48 9 10 33 0 14 9 37 34 25 19 12 26 29 25 18 44 23 18 7 30 46 1 9 19 7 12 37 28 17 47 39 0 35 5
20 36 34 49 30 40 5 49 3 44 7 26 25 50 4 31 38 50 31 1 47 31 26 14 13 9 16 41 8 50 42 26 18 32 7 40 24 26 36 1 46 49 9 46 26
2 6 11 11 32 36 20 16 3 27 21 20 25 5 16 39 17 10 36 20 2 43 17 40 19 38 24 0 13 23 24 16 39 3 5 0 12 3 13 31 44 8 26 33 35
23 36 43 45 2 17 27 38 31 45 42 6 33 38 11 29 30 28 16 33 14 21 6 37 4 20 32 31 19 45 41 13 13 29 5 31 28 32 45 47 37 50 48 17 4
