120 100
66 116 103 27 84 19 62 23 22 24 115 65 83 120 13 35 44 120 39 26 21 94 20 68 109 113 112 68 26 70 119 28 36 32 93 47 92 81 56 118 89 72 51 48 3 45 97 65 96 107 5 67 33 35 51 2 84 28 97 27 96 83 9 86 73 88 23 106 53 93 21 21 51 37 17 30 57 48 27 30 96 71 107 93 7 92 86 24 36 94 74 43 64 20 117 56 78 39 29 70
98 72 113 115 22 95 41 65 5 51 53 54 62 89 15 9 41 82 101 76 56 62 40 6 60 21 75 74 103 65 10 107 55 96 77 118 5 4 61 72 23 21 56 54 49 101 10 70 71 15 89 34 32 95 30 80 28 30 114 20 110 9 97 57 92 86 103 112 94 61 59 23 10 11 21 99 9 52 82 40 29 32 21 92 108 76 74 0 105 101 1 15 30 105 42 29 72 28 67 2
59 115 27 58 88 41 49 115 56 1 98 71 97 60 93 19 59 15 44 74 73 0 116 71 75 18 47 29 111 87 112 119 6 20 96 0 85 102 34 57 54 11 28 39 9 39 22 30 120 72 10 56 103 61 16 111 17 54 31 22 67 31 19 6 70 86 17 116 8 34 8 54 79 56 42 19 13 92 89 60 36 82 71 111 63 86 39 24 43 106 99 65 70 88 55 79 96 66 39 20
42 14 59 56 6 14 35 59 27 100 84 77 55 73 7 58 95 47 7 36 120 0 45 31 54 55 24 5 81 27 97 99 53 16 110 20 54 13 103 40 116 68 27 87 56 115 81 34 81 25 68 23 107 112 93 13 88 93 9 39 119 108 0 67 104 41 91 67 67 83 99 39 75 74 78 84 22 93 109 60 23 80 23 54 66 85 58 39 25 74 101 16 10 83 35 40 65 29 32 82
62 44 5 77 90 40 83 6 17 90 108 75 92 17 17 92 12 73 0 58 16 75 42 120 112 35 17 99 37 50 61 100 14 83 65 46 9 35 47 21 13 105 99 29 49 22 113 98 4 59 114 7 3 94 8 56 1 29 105 86 0 35 16 96 90 108 47 31 115 15 62 97 25 3 98 39 0 78 98 31 91 16 7 93 83 52 68 34 72 106 87 92 87 10 21 94 114 117 17 90
27 115 66 53 94 64 3 93 79 45 104 69 88 52 51 7 62 97 36 81 60 95 114 53 13 55 12 80 106 12 104 4 12 82 31 64 84 31 18 3 10 98 57 116 51 95 48 24 99 12 84 94 13 71 71 65 22 45 72 73 58 10 103 4 42 69 11 62 98 55 60 117 96 58 66 5 116 92 100 15 101 23 73 120 27 83 13 61 2 92 19 47 93 79 81 81 49 101 88 15
41 18 42 110 79 0 105 24 112 74 90 28 69 82 14 7 120 82 5 43 67 22 56 22 96 29 41 21 28 45 83 79 76 47 98 68 16 84 43 36 35 110 6 35 67 79 113 7 39 54 34 90 92 14 14 4 115 42 52 13 3 7 57 96 2 32 6 30 78 101 95 66 42 75 118 104 82 63 27 44 12 54 57 45 33 2 30 115 38 14 49 41 11 68 68 80 112 96 89 79
81 98 25 3 33 2 2 53 57 37 55 39 83 95 113 83 78 67 16 14 45 25 117 18 54 24 106 27 78 104 31 107 6 70 74 96 54 77 115 107 38 12 92 64 101 13 46 32 120 67 73 95 85 69 90 101 67 90 41 58 48 2 74 39 95 22 54 20 61 55 77 43 56 1 6 111 54 0 54 62 77 24 113 39 54 93 7 50 98 54 107 5 100 91 92 4 34 93 99 107
113 28 102 19 31 95 65 37 40 117 12 60 118 73 79 17 17 77 68 106 37 76 30 62 50 36 75 70 43 59 112 67 94 46 5 26 6 6 69 106 13 79 85 28 114 63 49 120 97 93 87 120 58 62 34 62 96 15 72 71 6 25 3 117 63 86 5 33 21 22 71 117 1 14 45 66 110 4 52 79 66 25 57 119 2 114 64 77 62 17 33 97 83 75 54 117 23 89 59 113
65 64 57 26 93 101 100 67 103 107 95 102 113 63 27 5 12 97 101 39 23 29 78 10 34 15 73 64 108 11 43 49 11 77 52 79 24 95 88 20 81 50 105 4 78 13 36 37 45 20 5 96 13 83 33 10 5 108 53 45 61 68 57 91 18 51 59 113 1 12 38 86 117 72 92 38 18 19 64 118 92 64 21 30 50 72 26 13 50 52 69 104 90 45 104 9 9 73 91 36
23 20 9 17 45 43 75 57 3 44 3 88 21 116 51 107 117 46 80 50 25 102 107 17 105 15 3 21 18 47 35 88 101 106 79 92 30 109 15 25 104 31 17 53 71 20 65 71 9 100 98 65 18 46 9 72 30 60 79 111 16 37 54 21 42 109 72 57 99 100 109 80 108 67 49 54 50 120 100 59 103 93 74 52 54 29 114 16 69 81 53 91 23 29 29 73 27 24 12 68
31 83 4 120 73 111 56 62 30 66 26 61 114 59 107 85 34 85 25 26 48 71 119 119 6 104 113 15 17 44 112 56 33 100 12 67 100 36 28 27 48 104 91 65 59 4 1 33 110 1 80 68 54 104 3 89 40 82 63 28 42 39 91 35 32 94 45 113 57 36 28 23 20 65 34 28 57 75 36 2 19 89 23 29 21 37 52 30 53 77 45 41 62 87 56 8 54 6 90 2
81 2 65 31 25 52 35 24 2 109 86 41 70 82 11 60 104 66 49 23 14 11 107 2 77 7 116 4 26 22 91 38 59 94 72 83 79 73 53 119 61 24 23 76 10 32 89 91 73 28 9 91 55 85 18 21 109 13 115 72 3 75 73 30 32 120 85 83 84 90 100 35 37 73 58 95 93 79 21 88 95 20 17 112 56 58 71 89 8 25 41 111 96 42 58 47 40 18 94 85
102 25 36 86 94 71 17 73 30 5 21 107 111 117 119 62 18 45 83 113 2 112 87 94 24 103 31 109 4 70 93 69 97 10 44 84 67 53 65 77 54 6 78 81 43 60 59 46 29 32 29 5 36 106 38 8 35 38 115 83 113 113 117 111 104 36 81 52 61 50 105 82 89 96 52 48 97 25 39 84 21 50 41 56 116 29 89 13 112 14 34 14 38 42 16 5 25 97 14 103
60 95 73 44 56 60 44 21 25 63 0 102 113 16 99 81 37 97 16 15 29 46 87 87 102 85 16 66 109 105 81 52 67 91 76 14 5 81 58 14 3 11 14 45 22 15 14 86 1 63 113 111 112 104 67 96 30 92 64 38 29 11 42 58 83 70 3 24 116 89 3 85 3 92 119 80 105 38 46 96 117 78 119 67 98 119 89 105 69 96 68 72 81 69 97 44 30 101 120 96
32 91 73 62 73 50 87 20 37 46 62 14 86 55 87 54 71 0 4 104 104 17 57 112 20 71 85 40 98 64 12 65 40 58 27 90 5 2 65 43 1 64 38 12 93 29 101 116 120 88 96 64 61 91 3 44 31 58 116 48 75 78 71 53 26 90 43 15 37 107 6 78 72 104 37 43 117 97 38 72 118 6 54 101 90 110 77 99 13 92 27 35 109 67 105 46 111 44 40 77
67 85 31 86 102 3 28 25 98 36 64 89 114 89 32 83 48 16 61 13 12 112 43 102 113 80 116 89 21 65 98 84 0 74 93 1 51 62 70 31 119 102 39 68 11 4 66 64 19 35 69 69 115 53 102 95 80 120 26 82 104 111 36 82 24 82 115 113 94 55 116 93 78 73 120 23 49 30 6 120 88 106 109 18 104 118 117 87 26 74 6 13 39 54 109 12 74 59 62 60
114 97 102 99 12 98 66 44 115 22 29 69 37 45 9 114 19 9 1 31 76 13 5 71 19 111 113 97 15 106 119 107 82 113 93 74 67 59 120 18 9 51 42 33 74 91 13 95 75 99 4 68 120 35 32 25 92 14 51 9 114 56 120 110 27 103 100 29 100 63 35 95 117 77 43 86 4 115 50 18 64 61 88 117 83 28 117 99 93 10 41 117 91 107 66 92 43 109 87 67
90 79 78 4 119 43 67 85 29 35 53 2 75 115 76 26 38 76 25 101 19 6 27 114 77 72 79 30 11 116 101 87 70 7 115 60 16 15 17 32 59 17 97 111 12 14 113 78 12 1 73 37 45 2 86 87 62 31 105 98 49 5 69 109 22 118 18 44 32 72 20 66 91 89 88 11 87 112 87 34 58 68 88 56 89 48 105 101 24 17 13 86 65 31 6 116 75 63 32 36
101 111 72 115 37 75 75 29 74 43 43 94 19 42 41 36 46 41 76 84 45 46 54 89 75 2 23 117 103 99 87 101 91 58 82 68 76 86 101 79 120 88 114 48 46 10 44 34 119 82 29 30 9 50 119 89 71 27 82 85 39 100 93 58 62 20 7 108 23 58 110 102 75 96 27 100 32 32 39 26 70 89 120 57 68 61 73 42 108 64 100 77 80 14 3 85 60 93 60 29
20 1 99 79 85 107 118 22 50 98 56 108 101 35 1 11 63 91 11 82 34 118 104 5 42 81 10 21 12 69 81 86 61 7 52 32 98 23 41 12 98 11 97 65 63 94 40 80 89 106 19 113 44 81 57 56 5 94 106 11 98 26 114 71 81 55 57 44 112 78 48 57 118 73 113 68 49 105 39 106 20 101 71 94 80 89 73 22 96 4 16 85 113 40 86 49 70 10 95 118
55 110 96 47 104 41 116 70 60 116 82 99 12 6 61 83 43 81 15 73 78 71 78 78 30 95 97 80 83 26 104 103 113 12 92 38 27 64 111 40 18 47 11 6 104 53 24 72 99 61 70 52 2 13 44 76 4 67 57 50 74 59 19 10 45 84 62 67 80 49 64 15 116 88 84 60 96 71 46 25 118 120 90 13 7 58 64 93 109 1 98 41 41 86 54 36 115 34 91 11
47 115 58 106 34 105 67 97 58 11 110 119 106 4 47 10 99 15 2 64 105 32 19 84 58 101 2 29 33 33 63 36 24 15 61 26 75 72 80 55 77 112 43 38 57 73 43 103 25 27 24 15 114 58 116 34 83 61 39 74 35 29 66 99 36 11 45 52 118 67 32 113 90 116 87 45 23 13 62 8 5 44 57 42 62 98 0 88 26 2 13 94 23 108 89 82 49 83 45 45
120 110 28 15 70 41 7 35 106 103 116 59 100 117 20 114 97 20 35 51 118 18 115 10 119 2 113 33 0 9 67 108 16 82 119 93 46 76 69 116 41 27 46 119 87 117 10 62 100 24 75 44 19 108 60 91 28 105 106 41 15 81 92 39 25 44 18 95 76 78 27 76 8 64 39 98 80 24 59 116 3 78 53 32 61 18 12 28 50 116 30 12 52 3 117 67 17 0 87 119
80 56 56 74 83 8 41 86 14 104 109 33 24 63 101 85 60 45 18 47 23 104 4 13 23 66 59 38 85 116 87 24 16 14 29 90 40 6 112 39 106 96 47 103 91 2 10 57 20 26 45 92 84 92 120 56 80 89 48 40 24 111 4 83 79 92 11 47 88 92 74 74 46 108 42 104 118 70 23 60 110 85 104 24 27 4 9 114 34 49 24 31 54 32 118 68 28 84 26 16
18 109 97 93 36 75 110 99 99 74 105 20 104 35 72 117 120 24 72 25 109 103 43 59 7 90 91 110 0 5 82 47 78 33 37 101 0 66 60 95 26 58 13 79 93 91 5 49 111 78 4 1 89 68 90 25 74 118 16 63 120 114 63 9 8 54 26 49 98 8 95 3 105 92 8 103 84 105 105 62 63 73 53 67 98 84 73 104 49 56 74 47 50 116 41 33 54 118 10 80
55 48 32 54 100 73 53 70 77 0 62 84 65 50 11 79 97 91 41 9 3 95 34 72 49 63 78 111 61 8 72 30 33 76 62 100 64 75 30 84 9 105 52 60 82 89 54 22 58 108 19 51 51 83 46 53 74 97 35 60 116 34 41 22 54 60 85 42 21 88 32 4 25 80 6 74 109 53 35 105 111 55 115 95 82 13 47 20 62 9 81 84 41 0 112 1 37 45 37 1
102 14 116 29 72 45 57 16 53 68 33 93 95 45 4 41 18 59 103 43 114 47 85 17 71 41 0 29 12 78 25 100 106 54 117 76 4 114 78 19 91 66 102 56 116 65 74 61 110 50 59 43 99 38 4 12 55 56 84 7 106 30 32 71 66 86 106 9 119 113 6 4 82 62 34 66 12 61 96 49 30 47 62 17 56 35 49 85 66 48 3 49 19 93 65 71 84 73 48 47
16 71 103 77 75 92 104 29 82 59 98 82 76 4 94 101 116 84 39 12 69 12 102 56 111 83 49 51 20 29 79 32 54 114 91 8 33 80 111 15 77 64 21 27 51 87 66 26 81 98 5 101 44 62 110 68 71 69 61 31 51 82 81 82 88 33 70 10 49 48 17 43 88 102 42 120 106 4 17 79 20 12 39 46 24 40 57 19 50 33 29 103 38 76 99 6 120 51 85 60
30 57 59 114 66 6 98 25 72 110 61 98 8 28 4 75 118 118 118 65 59 19 95 45 67 56 93 56 112 107 26 65 97 95 13 110 102 23 23 34 21 62 100 45 35 6 30 24 56 4 10 94 110 118 91 33 23 55 114 109 118 113 18 88 114 26 120 61 84 119 103 90 118 91 85 46 107 59 57 120 101 7 58 118 60 25 55 44 112 79 43 21 44 34 26 56 21 82 54 101
95 70 17 72 94 118 21 104 73 76 20 2 12 111 15 73 86 29 107 12 18 0 60 44 39 92 93 119 80 64 115 35 36 90 56 107 75 75 109 38 64 54 101 119 3 26 117 11 25 97 55 86 21 11 6 48 70 83 54 20 22 37 20 97 83 73 66 56 36 94 105 59 120 104 41 117 108 95 103 33 37 107 11 41 67 81 59 113 56 81 36 78 97 5 28 10 64 87 78 30
82 24 79 103 35 23 4 59 65 51 36 90 11 116 78 89 77 7 17 71 59 96 73 57 102 43 70 5 81 20 45 79 23 45 74 91 14 23 4 58 56 12 8 31 62 88 48 61 80 68 92 39 27 0 82 72 12 8 51 52 89 34 60 111 86 10 70 82 93 120 110 0 45 101 64 47 50 70 86 38 112 37 101 20 72 19 73 62 69 8 91 100 0 90 57 84 75 43 63 51
31 82 82 90 59 104 0 0 16 27 32 60 4 79 61 19 118 50 33 27 85 17 109 93 103 79 116 21 30 66 7 17 93 44 38 104 79 70 24 19 52 61 11 72 18 79 96 2 29 117 77 64 67 1 13 69 9 7 114 70 58 42 119 40 80 72 109 56 100 22 49 11 5 39 81 70 0 84 26 11 15 65 70 47 30 51 82 29 117 87 19 120 48 37 57 120 42 6 52 109
16 86 72 8 104 78 117 44 39 97 53 47 5 45 34 111 63 43 112 5 69 96 0 82 55 56 23 108 106 52 64 60 119 25 61 81 98 120 103 91 92 92 112 77 108 107 38 49 1 104 29 75 102 19 12 18 69 29 72 33 31 27 2 38 49 10 86 3 84 41 108 68 49 24 3 80 45 109 15 6 88 58 17 61 18 23 11 9 111 37 14 41 12 115 44 5 29 15 111 7
47 8 120 52 15 4 85 77 56 29 6 25 112 43 34 37 107 53 115 43 15 120 52 68 56 96 51 62 36 36 24 110 104 94 50 18 89 100 17 4 83 84 10 28 72 61 54 98 26 77 98 81 63 117 55 83 93 8 92 2 52 5 23 45 26 41 52 69 50 84 50 88 9 57 39 55 113 108 36 56 6 107 102 94 98 80 112 34 8 61 29 28 62 0 105 16 75 46 85 45
117 14 98 117 57 24 16 101 50 57 90 43 16 62 105 70 1 29 43 30 102 111 106 36 114 106 35 112 27 104 28 11 30 13 10 77 52 45 85 74 14 33 91 71 35 73 11 120 3 58 4 14 87 15 87 17 72 2 103 117 117 24 51 83 108 9 110 22 61 61 95 91 23 117 16 79 68 77 8 111 19 81 48 33 103 105 24 79 47 82 25 9 19 52 74 16 11 51 101 56
83 17 48 37 27 5 111 77 20 69 71 65 26 22 72 25 43 106 75 104 93 118 63 67 62 72 27 12 118 64 40 108 84 86 7 6 54 93 27 100 59 110 91 115 109 1 86 36 88 97 27 36 15 71 111 49 36 119 100 65 111 46 101 55 110 103 50 1 66 97 71 30 100 75 33 62 0 107 45 89 39 107 52 10 95 73 86 32 102 80 39 46 25 81 86 14 12 100 46 77
11 26 113 32 25 53 7 33 13 29 78 76 11 95 91 5 51 5 16 77 81 72 15 81 74 53 60 1 56 19 30 33 7 98 13 78 59 24 65 90 118 99 66 28 96 78 33 114 49 13 73 51 39 45 30 46 31 88 23 115 19 93 68 104 56 104 55 114 78 19 75 48 10 52 87 56 44 9 76 93 26 110 85 76 60 11 70 24 84 4 25 86 19 47 18 72 114 11 19 76
94 58 13 118 69 117 2 93 104 67 32 41 14 68 1 108 12 106 118 79 90 114 55 16 52 6 0 5 62 0 27 28 60 115 106 24 21 6 26 63 12 101 55 89 23 38 16 46 95 39 62 110 97 68 75 42 90 66 33 120 114 0 8 120 97 17 99 4 109 26 24 78 69 97 71 86 72 6 54 92 12 92 79 32 102 20 76 76 98 100 35 7 94 71 82 29 48 70 90 75
18 107 100 86 114 21 28 72 80 109 27 99 107 79 80 72 10 51 36 23 18 13 20 9 70 86 38 69 22 62 75 56 113 26 74 32 63 92 3 22 14 76 41 92 48 31 50 53 29 99 31 50 11 19 76 114 119 30 78 44 9 118 99 5 28 7 71 85 116 115 54 91 111 76 114 16 72 27 77 90 109 78 87 102 80 35 5 47 35 115 74 62 12 112 42 117 15 1 15 39
94 49 41 84 105 72 90 119 53 58 32 26 15 98 115 72 47 88 6 85 17 35 58 92 109 110 109 115 71 62 94 86 77 91 18 22 13 106 7 107 49 10 113 67 108 73 119 105 82 73 65 108 46 33 103 99 85 73 20 19 73 40 2 76 54 104 103 24 56 39 60 119 33 113 104 82 93 99 25 9 23 13 118 80 90 109 14 55 99 23 72 53 109 11 57 106 5 35 95 13
38 53 119 88 41 30 33 74 84 113 25 85 5 37 33 73 45 61 79 70 107 99 26 31 10 22 35 7 23 7 83 114 86 55 77 15 30 87 94 80 84 119 90 83 46 14 75 2 8 47 77 92 117 47 61 1 114 0 77 33 7 14 32 12 23 85 23 41 3 32 101 15 79 8 23 11 74 20 69 77 39 46 91 116 35 103 79 21 7 48 97 99 116 94 63 29 104 48 25 58
35 96 79 55 48 65 99 97 98 26 7 109 115 115 105 29 92 14 46 6 6 60 82 89 26 28 39 26 101 110 83 18 42 92 39 112 90 76 76 72 20 109 76 30 41 19 43 40 27 25 91 39 56 10 118 61 48 79 11 37 114 105 87 82 50 97 107 46 112 106 43 79 23 44 65 63 21 88 26 116 114 55 39 45 75 79 61 10 81 92 85 35 81 27 25 16 50 111 108 13
2 52 94 57 61 93 119 26 96 32 112 67 10 10 78 14 46 66 94 5 119 100 86 98 18 83 8 23 107 15 93 33 43 12 77 120 85 83 44 36 47 77 101 43 52 34 18 107 94 47 117 66 117 109 1 71 49 104 31 43 0 68 16 103 114 16 71 17 75 91 98 49 117 35 67 24 59 77 81 102 102 27 61 52 3 103 41 112 85 52 45 10 94 30 28 54 66 61 48 44
55 12 81 34 31 99 100 94 39 47 91 111 102 78 57 68 77 80 34 33 114 58 24 82 101 118 114 4 115 114 4 78 5 40 80 74 84 2 41 27 67 21 72 100 4 66 112 110 21 28 114 72 107 8 96 2 94 25 28 67 102 27 82 0 96 17 110 23 16 29 52 25 59 80 90 32 17 90 53 48 2 87 60 87 14 46 7 110 27 119 42 15 15 34 28 98 25 61 89 90
113 107 106 95 13 45 0 60 60 71 65 72 73 52 44 89 52 113 40 22 106 41 7 104 24 48 94 10 88 79 114 9 4 71 62 35 91 116 27 12 65 114 78 80 111 52 93 28 116 41 34 29 40 95 25 108 52 9 36 33 111 101 54 64 66 59 62 45 74 50 95 38 40 116 102 55 118 103 55 59 119 4 10 80 57 107 53 35 29 36 114 83 103 74 110 52 113 119 30 78
25 83 85 20 52 61 94 38 40 65 74 66 108 25 14 44 13 28 42 36 40 104 4 40 28 68 11 104 95 22 0 51 64 25 52 25 111 73 7 67 75 28 1 2 39 59 35 118 70 89 65 99 99 69 92 81 15 71 28 47 73 38 30 107 109 44 76 15 107 53 1 44 89 88 10 7 15 90 54 74 95 103 60 0 35 12 116 6 64 32 38 97 28 15 115 104 22 68 107 76
44 31 58 110 2 86 11 103 30 68 110 104 22 119 35 60 68 51 60 73 105 38 101 114 18 51 32 99 21 16 96 34 118 12 3 88 17 22 117 71 17 28 93 84 22 7 12 81 69 12 89 43 16 63 2 52 70 87 53 19 75 108 49 56 108 68 23 82 103 93 56 48 71 68 63 84 0 114 85 56 47 5 21 29 67 67 109 72 85 6 12 19 117 82 13 38 118 17 0 108
79 2 27 32 12 0 68 2 15 91 117 5 30 81 63 89 48 59 67 70 51 68 65 20 9 31 66 67 98 25 95 84 94 14 82 103 75 102 2 104 81 14 6 87 58 50 60 72 39 17 9 46 6 63 72 2 113 90 11 90 53 59 119 53 97 42 10 13 47 51 10 103 57 21 119 0 106 69 80 57 16 45 22 5 98 114 21 110 2 56 89 9 113 98 9 79 55 18 105 3
105 109 87 67 63 45 92 32 20 48 80 2 118 31 60 87 87 116 52 91 116 25 42 57 117 49 114 71 29 83 87 8 89 103 16 80 114 13 119 114 35 95 92 46 106 102 69 2 44 52 117 69 92 120 91 59 71 11 42 116 56 24 94 89 56 14 104 29 110 54 119 50 84 86 14 56 89 62 96 29 32 89 42 15 40 9 5 77 18 120 82 0 108 57 40 90 36 23 50 28
112 84 66 59 33 12 9 31 16 63 17 44 33 82 120 96 58 73 13 8 114 99 72 3 7 52 44 17 49 51 25 3 41 95 110 20 44 89 42 87 113 0 107 32 46 118 62 62 105 112 117 89 41 4 29 10 69 62 50 110 71 105 94 49 61 86 71 102 84 101 50 116 65 30 40 4 66 54 102 115 32 2 56 47 99 60 78 19 101 82 33 24 26 12 26 90 13 111 86 53
5 87 87 105 57 20 40 19 34 81 93 93 0 14 80 48 106 114 6 60 106 74 115 42 18 34 70 26 9 47 42 13 77 30 79 88 107 63 113 14 119 0 40 120 17 71 70 38 92 75 100 108 64 72 1 76 16 76 114 78 93 79 24 107 88 70 1 3 70 15 36 38 82 18 81 76 49 57 16 104 112 105 25 21 19 72 12 120 14 15 27 12 51 92 7 101 69 61 8 53
57 5 73 64 103 37 106 116 92 34 52 102 58 93 88 108 79 0 106 13 43 36 91 91 120 105 93 111 89 50 89 2 43 55 47 112 52 80 67 56 82 31 116 102 7 1 30 37 14 99 8 46 18 42 2 120 107 33 24 69 60 98 61 15 109 61 25 93 48 38 34 64 28 56 32 80 11 31 106 67 4 60 35 73 16 118 4 93 24 10 54 9 19 45 1 24 110 95 51 51
58 88 58 84 114 67 91 91 64 109 28 71 37 76 90 103 0 103 60 89 105 91 86 45 38 114 42 89 36 74 45 27 62 101 22 61 44 22 99 30 63 97 112 105 86 62 114 96 113 49 51 86 117 102 27 30 75 49 104 110 43 97 16 44 30 106 75 111 39 119 108 15 89 92 28 94 24 30 29 29 43 47 59 53 66 13 0 108 114 80 57 100 11 24 94 73 64 110 79 111
99 90 88 40 77 90 1 90 25 75 47 77 30 71 61 9 73 113 70 119 113 15 51 64 42 60 3 108 79 48 18 4 70 32 75 77 76 2 97 11 118 46 36 86 59 54 82 1 106 45 100 113 32 112 98 31 111 11 82 87 48 111 90 91 93 7 66 58 11 112 95 111 76 4 112 108 57 92 87 50 11 96 103 16 13 38 95 83 40 83 74 27 18 104 78 45 70 68 82 19
23 79 27 50 116 11 119 17 96 0 49 30 101 32 25 80 90 37 91 86 119 108 19 113 18 25 101 25 110 22 7 38 96 52 94 69 54 6 43 10 64 75 96 5 102 84 30 89 91 36 20 84 86 10 97 17 28 109 62 37 55 116 83 39 95 5 9 113 108 72 41 37 87 52 96 50 57 84 21 5 102 75 110 52 85 93 76 30 7 6 96 21 61 105 26 5 120 38 30 10
98 90 106 91 63 63 113 109 94 115 116 26 52 40 54 82 81 111 59 119 47 2 14 38 92 31 109 36 35 100 109 44 16 49 105 84 30 91 1 14 97 75 41 74 2 95 61 13 98 10 103 88 114 118 21 80 56 6 4 110 24 75 40 20 112 52 88 64 37 99 20 107 46 44 4 17 78 48 96 104 62 90 75 77 42 9 109 18 119 89 51 16 5 85 48 6 60 19 23 81
108 45 63 21 36 111 44 84 19 29 12 62 7 48 23 56 24 101 107 64 106 70 39 92 29 36 34 61 1 103 56 51 28 85 34 110 11 6 8 85 19 58 71 13 45 26 23 56 104 81 88 108 65 82 25 112 83 58 94 51 85 104 31 28 29 37 81 14 64 21 38 6 94 66 3 29 71 81 19 54 111 15 90 43 27 42 105 77 62 64 107 39 114 83 82 14 86 77 40 80
82 65 90 11 74 88 6 16 47 83 45 115 117 57 80 37 47 35 93 54 2 6 13 81 17 59 54 48 15 87 15 17 89 56 80 14 49 100 59 99 99 21 104 21 116 47 1 56 105 80 47 26 94 28 66 99 71 10 117 77 39 29 7 95 95 9 32 118 59 41 6 59 78 62 80 73 15 103 62 83 84 116 17 52 19 76 19 116 54 80 50 90 24 19 3 78 106 120 107 93
24 12 89 112 51 85 41 2 62 44 64 43 51 81 79 56 45 29 48 8 99 1 6 82 29 16 98 10 71 67 28 116 91 52 66 63 6 54 115 4 63 5 30 50 41 31 38 63 12 81 109 63 80 24 24 109 53 31 14 15 11 57 106 111 42 110 29 72 102 108 26 117 87 84 2 67 99 111 28 30 65 38 97 57 108 25 42 113 67 96 57 19 67 93 80 6 57 101 62 31
113 90 87 74 24 99 49 97 30 112 66 71 67 35 116 113 84 52 21 38 78 69 17 115 29 45 93 71 10 53 18 83 24 80 84 7 10 81 47 90 84 110 38 37 94 35 56 91 77 87 35 66 24 110 86 35 18 72 15 99 62 109 35 4 7 70 17 20 61 11 78 77 117 3 58 86 65 120 98 42 111 114 59 116 85 53 29 114 22 87 110 49 36 119 24 32 16 58 62 43
56 30 107 9 83 46 80 107 106 102 32 21 101 70 46 75 56 41 76 107 57 108 117 108 35 40 43 71 115 47 1 104 59 12 120 57 8 42 114 80 61 120 117 114 87 74 19 73 78 120 7 44 118 29 90 62 92 105 24 85 21 104 12 82 49 78 13 20 7 24 75 84 42 41 84 82 35 37 110 104 96 1 38 11 0 76 25 94 108 65 34 88 60 56 65 4 98 60 46 119
87 14 82 69 74 37 21 100 79 28 120 16 1 64 41 29 21 0 80 55 71 39 81 83 100 54 10 99 99 48 28 5 103 66 48 83 46 64 75 22 44 4 22 49 41 38 31 92 31 42 63 113 88 76 88 44 89 55 55 91 23 50 112 99 56 54 114 64 27 74 50 41 113 77 101 6 68 29 79 83 35 34 13 26 90 63 79 99 69 112 113 56 18 56 12 76 108 108 92 104
73 64 5 22 37 12 38 37 31 119 59 115 39 4 104 56 103 51 108 81 6 71 10 55 108 76 36 105 114 43 2 65 101 64 11 27 96 1 50 69 60 78 9 67 8 94 100 47 17 106 66 24 62 34 15 116 105 44 117 24 98 97 8 14 25 82 18 7 91 76 67 36 99 55 112 115 47 105 29 109 57 96 75 101 57 65 39 3 2 114 90 16 113 107 61 104 68 60 16 51
31 101 48 50 28 54 41 96 29 74 29 62 24 5 54 21 116 22 25 99 16 21 12 105 107 10 35 79 48 21 4 16 13 108 60 63 97 45 69 19 7 94 14 5 32 20 64 73 91 80 71 32 24 99 15 60 13 11 40 90 112 38 94 72 46 68 69 110 84 68 100 30 25 27 43 69 108 95 81 108 12 94 31 31 74 27 21 39 3 48 48 23 118 25 108 82 108 71 27 2
103 103 76 103 68 72 52 2 77 86 99 92 69 26 86 72 17 12 99 98 50 80 47 102 22 23 40 86 6 64 70 26 32 6 48 26 101 111 89 43 49 39 8 13 70 103 3 71 120 56 20 26 101 60 13 77 45 47 95 83 39 103 23 65 50 70 89 92 113 101 42 39 42 100 102 78 28 110 76 4 52 16 5 59 88 23 30 10 74 22 80 59 73 66 89 63 97 79 52 68
9 30 80 104 65 85 98 3 111 63 12 22 47 39 71 42 6 56 26 95 38 100 31 26 8 56 14 49 113 49 78 23 45 109 40 92 44 90 111 119 76 95 56 20 23 9 46 64 94 78 89 66 119 1 41 46 37 76 3 10 74 107 81 7 61 116 110 83 100 96 108 54 107 56 82 94 115 15 88 46 105 24 71 87 70 75 37 101 17 79 17 43 31 71 23 49 10 8 36 109
111 74 120 97 3 58 80 26 110 70 101 73 89 17 45 62 105 42 88 2 92 59 76 102 72 3 5 12 2 25 27 117 35 52 72 62 61 36 46 120 29 77 104 40 72 112 68 95 81 87 102 74 117 72 14 113 35 102 48 98 105 77 27 69 60 51 0 66 80 81 33 12 0 89 68 79 35 64 25 114 96 25 88 2 89 89 53 70 8 23 71 14 114 95 91 49 107 40 41 32
0 107 87 94 83 69 58 103 26 40 71 60 99 91 2 80 80 38 56 112 38 14 31 95 19 100 118 62 38 10 4 3 60 118 111 30 20 81 117 48 71 118 66 16 93 56 35 42 33 52 74 69 47 114 100 52 99 99 58 15 104 117 99 54 67 44 9 69 102 84 24 79 95 75 107 63 76 20 107 90 2 99 84 37 50 70 69 46 103 77 4 82 26 32 14 38 52 16 23 86
63 76 14 66 60 51 47 96 44 2 21 95 46 103 17 57 14 64 86 99 18 94 5 73 19 19 116 48 3 71 27 2 27 60 45 43 56 48 69 101 54 18 93 113 36 114 58 78 105 57 91 38 27 63 57 20 91 57 61 68 100 42 25 22 112 87 113 109 14 117 83 56 20 42 100 51 67 68 8 54 46 29 51 65 9 50 23 119 2 53 6 99 46 26 108 23 118 85 78 112
11 70 112 26 78 115 108 85 20 119 39 94 60 16 92 94 29 4 120 47 112 109 27 27 29 24 83 65 63 99 95 100 72 40 116 62 76 118 2 51 5 28 64 73 119 73 97 95 46 107 88 101 45 70 67 106 31 11 31 45 65 26 88 72 19 112 3 75 62 49 103 39 102 8 25 29 108 0 87 64 31 73 23 27 23 93 7 104 115 15 119 47 82 82 0 2 62 3 108 80
76 58 6 100 111 44 11 87 51 63 50 10 22 84 101 49 95 96 63 55 77 68 84 119 88 44 53 84 85 120 60 42 57 69 106 17 96 89 118 8 54 1 65 71 44 18 104 60 82 6 81 88 90 21 113 103 15 100 54 60 83 70 73 21 113 11 11 109 64 82 70 92 98 92 98 59 105 32 5 15 97 117 31 34 106 106 10 27 101 17 110 101 23 88 51 80 24 14 93 70
99 28 99 32 25 64 92 59 39 28 9 25 56 80 31 50 16 87 24 19 4 110 29 85 42 114 90 110 30 85 13 29 30 45 119 91 81 33 106 96 3 81 46 73 90 32 93 119 29 79 60 76 118 119 75 19 6 43 21 32 42 80 99 101 55 114 23 36 115 31 96 70 45 54 46 101 86 23 49 6 28 14 27 74 75 109 47 5 92 89 86 82 68 53 25 86 71 31 96 44
31 120 44 95 25 12 32 48 0 74 26 112 44 36 48 19 117 63 36 35 99 39 6 94 40 29 85 14 74 111 94 107 13 27 52 38 105 21 51 49 9 100 38 112 32 27 102 119 27 99 75 78 26 85 73 10 47 85 52 64 68 24 11 16 64 12 101 117 68 1 28 47 24 63 10 52 31 113 0 89 15 61 107 105 106 79 55 76 89 100 66 4 111 53 10 41 8 102 108 28
38 82 105 53 2 82 22 104 63 59 1 77 28 98 95 34 105 59 105 8 2 17 31 84 70 42 24 119 45 96 89 20 0 19 28 59 103 16 5 5 51 79 0 1 32 55 92 83 39 36 29 60 107 39 73 64 11 72 102 101 53 66 117 10 117 116 34 80 67 66 13 89 57 83 34 70 50 56 94 32 102 55 37 18 104 104 60 21 115 74 17 50 80 18 6 11 61 116 49 1
109 37 49 40 100 34 84 38 18 42 72 84 12 49 66 101 106 111 10 77 71 29 34 90 56 1 115 83 23 9 45 96 89 25 42 17 117 83 54 101 116 105 83 7 78 71 71 3 12 82 12 20 16 26 17 27 119 93 43 92 63 98 83 77 17 109 74 13 63 73 46 49 10 23 5 68 45 26 59 57 107 83 114 100 34 83 85 51 28 112 114 17 39 23 78 58 4 69 84 83
50 112 97 94 2 38 89 65 44 10 71 84 92 76 78 69 64 37 57 79 92 93 102 83 103 91 19 55 99 23 108 99 56 23 56 102 94 32 90 97 89 112 89 40 94 36 0 32 98 119 30 118 63 46 31 9 59 33 82 68 45 57 38 38 61 19 58 15 55 82 43 32 34 85 41 112 22 73 7 34 78 32 2 37 24 30 105 80 37 106 106 22 20 75 89 29 74 8 96 89
0 103 10 15 92 36 43 83 30 43 5 78 4 37 14 86 87 30 92 94 82 47 42 51 70 4 86 19 118 61 73 58 102 89 118 66 104 75 103 92 34 49 93 40 78 78 93 119 65 59 105 1 7 52 93 90 23 91 94 26 24 118 76 48 115 66 118 3 38 24 92 0 105 97 58 59 58 86 45 13 10 21 52 95 115 103 53 67 109 10 12 34 8 117 65 71 105 26 94 21
7 76 25 75 65 65 20 112 77 31 71 74 50 76 105 108 41 30 2 67 9 113 65 85 60 109 21 14 51 20 50 62 21 19 23 90 56 3 113 109 40 12 58 67 83 100 47 28 68 92 82 3 34 107 101 68 7 19 30 35 55 111 120 106 82 29 49 61 109 76 22 108 97 61 26 30 6 28 24 14 85 116 15 101 48 108 73 8 53 35 99 113 33 114 57 87 44 40 12 10
13 75 107 77 68 101 42 20 6 22 97 39 120 25 67 47 9 45 29 74 25 16 81 86 10 91 103 77 31 12 83 18 104 1 103 103 59 104 52 79 21 113 106 43 96 57 47 38 6 86 94 27 103 71 93 25 60 10 102 112 28 118 74 23 38 103 80 4 34 27 55 38 40 91 31 34 4 57 62 99 39 52 83 54 57 67 39 14 15 70 10 71 80 81 101 62 82 36 42 47
23 113 35 32 13 85 22 57 15 100 73 17 7 94 69 47 108 43 68 104 6 11 4 82 39 64 117 83 36 10 107 77 35 102 73 29 93 101 22 26 43 99 14 77 103 5 111 79 15 20 17 89 72 5 60 61 90 55 79 89 84 94 7 25 112 74 80 70 96 112 23 67 107 112 32 1 95 4 99 72 20 41 63 0 29 24 44 47 117 3 64 45 108 12 94 77 20 87 40 79
77 78 28 35 12 64 1 80 87 38 37 94 95 111 37 109 0 100 45 75 24 111 33 83 12 53 63 74 105 41 41 106 112 5 57 39 45 11 100 11 120 75 28 70 52 102 111 93 88 45 15 108 11 30 77 71 80 37 80 63 94 29 45 57 68 25 72 118 11 82 95 119 33 22 69 86 80 28 98 114 120 95 65 113 11 12 28 116 13 26 55 75 69 68 97 32 64 11 102 45
96 83 65 118 31 92 78 4 69 9 104 85 32 119 3 100 50 67 113 86 58 40 33 74 0 3 29 82 98 120 109 65 9 41 44 10 5 91 18 73 104 56 110 72 54 49 11 77 12 120 3 70 100 117 43 89 107 19 76 120 68 112 69 96 116 59 35 45 112 50 6 72 80 73 92 32 39 80 112 2 79 92 66 73 86 85 10 107 10 48 10 69 49 52 53 27 42 49 12 100
117 14 35 6 90 20 15 5 102 4 8 97 21 32 101 92 27 69 4 15 58 58 96 24 53 120 44 84 22 40 57 91 64 88 98 31 37 97 19 45 63 108 47 57 25 62 99 90 49 100 62 12 46 114 34 89 3 12 108 42 98 33 109 67 10 28 1 102 109 0 81 111 54 108 10 1 29 106 42 112 17 68 32 44 55 93 2 46 40 39 4 75 25 59 116 98 22 18 93 45
18 34 97 13 77 48 26 27 115 95 104 110 74 94 99 71 102 112 0 112 118 1 64 71 26 82 30 6 14 5 65 118 38 95 72 43 62 32 6 72 104 32 9 51 114 20 25 44 99 9 80 3 54 66 71 10 23 65 85 56 81 67 92 36 31 57 47 84 19 105 55 31 4 110 83 25 60 41 87 28 35 23 111 17 109 109 26 24 59 112 75 69 10 52 87 3 101 98 60 41
69 81 22 51 21 74 78 112 106 31 55 65 45 76 46 83 95 62 89 60 58 63 37 118 98 26 47 110 113 37 16 38 92 38 60 78 36 6 17 33 84 17 79 28 65 26 111 29 97 58 4 41 74 73 107 72 53 70 97 67 79 41 85 108 98 34 95 18 78 73 61 85 25 16 72 64 48 118 109 118 99 28 60 36 113 12 82 57 29 50 114 94 94 119 64 119 94 101 5 119
90 72 13 110 108 92 23 95 73 3 55 6 48 81 56 44 115 74 9 3 102 57 81 5 86 86 86 13 8 17 21 103 111 34 94 33 117 92 52 99 96 115 117 105 34 63 102 48 27 87 6 68 58 8 47 108 39 116 2 117 60 106 13 103 21 54 94 18 104 69 119 105 26 120 26 99 7 85 117 23 70 90 116 5 34 45 7 117 82 96 31 102 8 11 1 101 82 22 28 33
51 105 47 42 69 103 98 41 50 92 30 25 92 40 41 69 100 30 71 21 61 91 40 77 115 116 50 95 103 25 2 91 114 29 43 108 33 98 43 88 1 43 74 118 35 68 112 33 10 99 1 34 57 73 57 2 52 89 120 67 77 61 103 28 67 56 12 6 3 96 64 90 42 26 10 49 107 86 110 87 64 84 42 75 21 120 29 35 90 85 111 77 60 37 47 81 32 19 30 24
89 46 120 41 21 104 81 120 46 103 3 91 42 5 83 115 86 29 94 64 88 102 90 10 109 90 23 52 62 110 107 57 49 66 47 90 21 79 9 93 120 19 111 0 100 87 88 119 117 77 103 18 81 96 17 70 56 113 116 81 22 32 47 97 117 28 119 8 111 91 47 113 46 35 100 105 64 43 41 10 92 117 86 87 117 90 16 33 118 7 90 12 86 112 102 10 16 88 115 6
20 35 32 47 108 48 117 47 1 91 26 51 53 104 98 23 2 85 42 40 90 95 94 3 100 19 25 43 84 5 91 110 106 107 3 31 80 107 49 113 31 8 38 58 3 41 107 35 39 19 37 97 34 52 112 85 35 96 80 114 119 59 116 17 109 117 57 70 98 19 13 120 82 109 38 24 13 114 19 8 18 25 36 83 11 110 30 10 87 116 100 34 66 3 21 95 107 112 41 24
37 115 92 4 36 80 44 4 17 95 116 75 82 40 23 72 25 13 51 21 111 60 81 66 2 29 48 80 104 52 94 109 72 31 24 13 44 97 20 118 65 87 75 106 41 43 30 26 81 28 30 24 111 42 33 52 111 118 68 34 17 50 28 66 90 91 25 9 40 19 91 19 62 76 18 66 94 73 87 75 102 72 12 100 118 27 50 25 113 10 102 39 98 21 82 94 106 75 57 99
86 51 74 106 90 19 39 24 16 120 0 87 77 91 8 4 64 92 9 35 87 40 116 54 59 100 115 69 116 82 72 56 63 81 119 87 63 86 116 2 112 30 48 48 57 53 89 120 6 12 39 30 28 49 98 95 69 25 3 30 85 33 105 109 60 50 60 42 86 100 63 13 61 97 75 24 47 90 70 36 96 6 39 89 39 109 70 1 107 43 77 38 8 18 103 47 101 53 89 86
20 6 51 82 14 30 44 59 32 33 71 27 43 18 85 20 14 86 7 85 31 13 85 12 49 27 40 65 117 84 2 65 102 99 49 96 5 36 69 68 117 9 74 66 94 53 59 44 11 94 100 18 13 46 103 16 63 90 44 94 35 78 102 13 21 17 23 6 94 70 52 102 4 107 100 23 98 107 28 9 3 105 30 27 53 47 117 31 68 38 57 55 99 59 80 119 26 70 90 101
81 36 111 104 31 49 85 6 19 11 104 115 72 57 107 27 17 25 7 17 103 76 86 1 115 73 85 42 3 95 120 30 58 91 112 26 23 20 68 22 103 79 77 52 114 95 46 11 52 23 42 104 18 34 113 35 120 53 39 21 15 78 48 69 32 10 17 80 21 34 111 18 120 11 68 31 44 88 21 54 105 85 110 95 116 119 2 92 13 42 80 15 50 64 26 39 93 110 17 83
95 99 77 44 85 87 104 43 54 52 78 82 52 82 12 22 41 117 71 62 119 91 34 40 25 83 109 45 103 10 14 61 78 23 81 47 110 108 75 110 89 102 57 59 85 13 11 37 44 45 8 112 101 57 27 40 50 87 100 59 41 112 16 33 78 81 62 9 36 80 0 87 90 53 98 49 42 0 22 56 91 2 82 20 4 57 43 63 112 42 37 41 55 10 51 7 109 74 25 50
72 43 15 118 97 32 40 25 60 91 11 64 86 27 17 100 106 48 15 106 30 34 53 2 87 33 95 115 77 43 103 30 48 107 69 27 56 84 80 50 86 5 107 98 19 15 38 49 59 98 25 74 83 5 86 8 23 12 57 109 20 26 60 80 118 99 69 110 40 61 79 85 98 118 35 0 42 82 35 110 42 115 78 48 14 3 3 61 88 108 52 98 106 99 2 51 22 99 102 81
120 0 25 16 22 14 20 108 104 51 56 77 40 118 86 78 38 57 120 60 116 69 72 28 49 26 52 22 16 101 6 9 71 85 36 33 6 105 46 43 51 84 13 0 113 114 52 117 41 109 119 48 55 106 5 1 112 5 116 56 29 82 55 55 57 2 115 103 95 37 35 66 17 9 36 61 91 32 105 30 19 105 95 67 66 13 98 100 39 95 92 53 83 22 119 22 6 71 44 70
30 73 22 71 5 33 1 17 119 100 5 44 102 88 67 41 91 115 73 120 106 119 95 94 72 27 12 11 45 45 107 32 105 81 24 2 86 18 12 119 91 14 50 73 69 77 10 42 68 31 94 60 90 36 102 94 79 12 34 105 6 20 33 10 108 98 85 77 80 116 65 12 111 50 67 13 14 72 93 49 72 58 11 73 53 51 77 32 62 63 105 68 67 110 119 50 55 109 101 97
104 120 19 55 97 76 69 18 66 111 60 49 86 106 20 44 13 49 70 95 69 42 95 118 109 72 81 108 107 118 4 83 41 71 96 20 5 72 88 45 23 99 48 37 38 100 55 50 112 98 56 12 48 85 22 95 75 22 54 86 3 55 103 67 106 54 103 58 60 89 56 18 113 86 91 18 65 16 93 69 21 56 120 17 3 78 98 29 39 17 50 89 83 6 102 77 105 84 16 99
61 23 78 113 77 9 62 31 102 111 26 40 55 25 62 108 41 18 11 20 41 30 72 69 51 32 82 32 79 70 13 106 49 79 0 40 28 119 42 57 26 100 82 35 117 5 102 30 28 9 113 33 105 79 118 101 61 118 113 28 18 30 10 46 63 4 0 95 112 27 15 47 109 105 112 20 5 81 74 106 25 40 65 4 42 25 31 106 69 53 79 32 113 112 80 77 99 46 23 51
68 105 79 17 36 56 4 88 23 56 44 19 30 86 70 46 118 120 100 99 63 111 16 70 98 22 48 92 80 56 113 43 46 56 61 109 34 48 82 38 115 74 5 115 120 2 110 119 95 20 71 16 113 57 75 11 109 9 73 31 22 116 113 72 78 82 20 108 47 78 80 70 38 81 57 88 105 74 17 2 11 83 76 64 48 103 10 95 1 41 21 110 2 18 20 42 16 49 65 77
114 114 18 15 57 66 57 39 96 88 47 97 54 68 115 10 1 7 116 28 42 12 49 95 50 44 41 10 116 117 81 81 38 72 113 29 117 53 21 45 87 7 29 96 37 5 4 120 8 93 27 31 76 41 67 45 115 56 119 113 102 90 103 41 1 76 99 25 64 22 97 69 115 37 36 57 96 50 78 59 118 42 63 43 12 20 54 53 91 81 28 6 65 31 13 94 16 16 88 28
0 31 15 10 98 85 40 102 14 27 32 5 31 104 49 62 44 104 88 83 99 23 20 48 12 72 109 42 4 40 73 70 19 108 85 90 66 106 98 32 5 68 3 41 92 64 9 73 1 42 56 30 23 82 38 76 68 56 36 64 93 20 68 26 45 32 95 110 98 47 96 38 13 20 41 69 109 60 12 10 10 11 19 73 101 86 90 93 17 17 71 112 78 103 41 3 75 27 47 31
120 64 13 47 53 65 1 76 75 12 36 113 118 63 1 61 33 61 83 44 41 117 14 69 8 12 73 109 25 99 119 37 95 43 73 103 2 47 48 31 44 30 59 82 69 93 27 9 24 60 28 20 82 112 86 54 85 110 13 15 54 8 87 58 19 57 6 96 80 92 52 113 28 23 93 19 101 69 101 59 25 73 51 52 12 77 63 59 102 96 72 35 119 25 73 110 107 24 33 73
40 89 58 113 44 52 118 27 59 111 74 94 36 95 111 100 9 89 82 74 50 97 33 53 74 4 75 114 98 104 94 21 94 26 37 19 52 51 4 66 15 77 105 87 0 119 111 20 93 111 0 37 102 116 5 58 88 12 80 102 79 73 107 19 20 88 115 90 66 96 32 7 66 47 36 94 5 10 77 105 61 4 29 96 16 12 92 79 42 94 51 5 17 25 55 45 92 116 52 118
6 37 5 19 65 40 24 15 2 2 40 90 20 34 69 47 1 5 7 65 88 78 75 62 93 41 120 31 4 0 43 20 5 13 16 61 26 41 77 73 36 101 61 42 73 103 74 80 110 112 52 53 41 116 100 25 98 4 35 39 53 104 44 20 18 42 63 21 4 87 65 60 22 97 40 51 5 111 111 32 118 10 108 61 48 12 101 16 76 97 89 75 45 93 19 77 23 59 17 27
77 96 36 20 70 47 41 25 109 35 95 107 93 60 38 13 47 16 34 2 10 68 33 80 31 118 61 119 118 109 102 61 49 80 79 72 71 48 28 64 105 12 19 54 110 31 8 64 94 38 48 102 55 58 46 88 80 33 71 31 13 78 59 44 31 37 66 118 103 76 63 51 65 79 92 114 118 46 47 102 43 115 61 22 104 76 46 75 20 6 88 49 18 48 93 66 3 58 67 94
65 48 29 65 93 29 6 76 83 39 3 115 82 24 16 66 22 23 75 94 56 109 65 37 18 16 45 15 112 61 105 84 24 117 78 79 109 61 33 64 15 94 44 46 79 94 45 84 23 95 60 92 5 96 98 119 19 52 44 63 42 41 48 3 29 47 76 86 101 25 5 99 35 28 36 21 28 43 13 58 105 101 63 109 30 120 96 9 0 79 44 107 100 68 113 117 101 33 39 27
11 38 5 50 72 108 46 50 43 87 58 2 10 115 53 39 69 25 19 77 53 4 114 14 112 69 110 57 26 70 101 17 102 91 47 102 77 54 17 50 50 49 58 30 16 11 109 102 116 67 22 114 93 75 34 51 71 58 23 72 73 101 63 84 65 34 82 63 62 65 79 50 27 27 17 42 12 57 0 107 11 120 22 61 89 54 14 73 57 118 120 0 56 12 62 27 83 102 18 62
30 111 117 5 104 106 58 41 30 50 111 107 6 49 81 20 35 95 40 120 117 3 108 82 104 52 16 69 36 27 100 4 15 33 97 55 112 32 79 69 106 105 72 74 94 61 50 88 57 20 120 57 30 70 4 117 63 2 9 77 38 10 94 25 2 95 59 63 37 74 77 69 50 88 26 120 87 112 76 57 71 19 24 90 78 91 37 106 81 57 60 55 76 107 20 112 102 28 98 89
54 76 21 7 12 97 113 80 44 16 20 94 75 0 15 33 1 89 57 118 119 61 99 57 44 79 8 61 58 90 76 16 30 45 92 41 103 17 114 53 110 114 56 98 22 94 70 30 79 12 33 32 87 1 17 4 97 28 114 10 30 11 89 26 32 29 120 14 2 13 21 97 34 33 107 61 64 41 88 57 32 76 40 50 68 62 46 49 41 10 87 28 18 32 93 83 94 82 25 10
109 2 118 22 26 23 105 0 25 44 3 59 20 53 57 20 69 19 7 89 18 32 53 6 68 11 103 114 105 75 87 9 56 79 16 96 53 117 110 64 23 65 17 40 77 50 40 110 105 43 44 104 72 32 25 82 86 120 51 46 65 118 107 82 84 120 8 0 96 46 7 43 90 25 8 19 119 68 103 53 27 69 11 30 41 74 41 18 97 42 45 107 55 66 109 95 69 19 97 106
47 41 31 11 39 30 118 98 105 17 97 0 59 7 42 27 3 8 92 61 118 27 5 34 80 8 59 2 50 46 59 36 0 69 82 112 22 12 38 103 52 105 113 38 118 117 63 90 66 23 74 112 93 14 83 59 101 79 8 46 100 31 57 30 80 31 44 108 119 75 48 38 28 73 98 52 75 14 108 46 3 53 116 24 10 113 60 106 0 75 10 48 108 76 108 74 28 52 53 57
19 101 32 18 14 27 45 9 0 20 92 21 59 115 4 109 6 120 117 100 118 72 104 37 4 47 76 64 96 10 97 103 47 50 114 65 51 79 3 31 79 53 60 21 32 110 76 56 111 56 20 79 92 63 35 10 80 105 110 0 49 93 106 49 3 25 65 61 66 62 68 92 49 14 0 21 43 73 119 5 8 1 83 28 92 15 81 37 16 109 60 109 10 98 13 13 24 68 120 90
80 31 69 77 22 19 97 70 14 100 84 12 86 62 112 69 99 100 75 114 19 99 48 48 66 115 71 54 84 53 109 115 3 43 47 11 102 114 37 23 6 33 5 10 106 65 3 59 17 51 20 51 75 86 67 99 74 88 102 18 78 107 110 81 70 29 25 114 2 68 62 105 78 19 14 23 89 63 45 52 69 29 64 25 26 120 96 77 61 30 30 67 72 7 36 11 82 55 18 34
9 64 53 116 44 106 53 32 5 5 56 13 83 84 53 72 118 109 2 70 89 104 112 50 85 92 33 45 84 28 92 2 62 61 59 79 117 7 6 49 78 7 93 108 16 92 49 95 120 21 76 38 103 59 110 8 5 1 15 111 119 53 59 92 90 5 56 40 111 39 67 26 88 102 4 108 106 112 13 34 116 103 84 54 16 17 79 103 39 64 67 103 53 83 100 117 102 14 115 62
34 34 39 75 72 97 66 25 110 109 17 6 4 15 100 61 83 39 118 96 120 48 70 82 8 85 107 19 80 12 113 37 101 68 114 75 2 25 65 65 43 43 101 43 77 80 74 66 79 22 117 87 46 109 83 86 5 74 9 31 49 24 23 55 104 86 73 97 30 1 4 65 107 65 7 42 2 79 87 29 120 30 38 34 48 101 21 113 88 2 62 114 98 96 25 119 75 26 81 1
58 45 76 17 20 107 63 18 109 55 79 98 57 41 23 24 7 54 10 69 114 27 15 42 110 70 118 86 47 96 65 43 7 90 102 7 120 89 41 34 104 26 11 106 84 10 67 91 76 116 47 99 49 110 16 68 57 62 119 95 8 51 56 114 23 64 112 59 40 105 8 101 114 58 19 13 119 53 56 78 82 119 2 81 95 67 8 120 14 108 109 42 87 16 79 102 9 62 71 95
110 100 89 118 36 46 65 21 107 67 36 46 99 5 13 33 66 24 73 68 85 83 118 82 32 109 56 13 30 95 43 39 57 21 16 83 33 38 4 5 120 66 68 18 44 111 85 110 80 44 52 103 107 114 79 99 1 108 89 62 30 20 88 71 79 108 33 40 2 7 24 59 33 53 85 118 14 61 53 78 90 2 98 33 52 5 13 17 61 108 107 14 50 114 12 87 36 10 60 119
115 71 76 114 120 68 106 69 116 106 47 119 60 56 93 21 21 44 40 20 110 113 2 109 19 40 112 30 8 18 2 115 88 18 25 23 55 75 55 6 35 105 115 65 19 102 59 14 65 26 20 72 110 3 8 44 101 26 94 113 69 82 54 35 119 8 35 83 71 115 90 67 4 102 5 108 73 95 49 67 106 36 46 108 118 4 80 30 72 13 67 99 11 71 70 61 9 94 31 87
100 120
69 89 47 32 81 72 96 30 91 77 58 24 53 29 33 13 51 47 28 47 0 66 26 50 64 77 78 31 75 19 11 41 20 69 26 53 39 94 56 95 47 7 17 69 85 21 26 19 44 41 26 28 27 65 52 76 3 49 57 67 8 58 22 41 11 46 37 86 56 30 15 22 66 17 42 63 9 98 93 72 80 33 98 86 54 36 77 39 16 65 15 46 73 82 83 70 27 38 92 65 26 39 98 30 95 15 66 39 35 29 81 90 23 73 33 72 77 36 7 33 81 20 42 25 77 84 46 2 13 25 51 88 51 57 66 78 38 26 1 45
89 9 71 12 92 18 41 54 79 23 98 79 7 51 35 99 2 86 88 17 71 62 81 20 3 10 43 13 52 39 64 79 34 3 18 75 83 85 70 26 75 50 14 44 78 58 0 92 75 34 64 12 68 100 53 78 41 19 73 7 53 99 25 55 52 34 84 1 68 38 90 69 77 22 9 94 27 75 37 24 44 51 32 50 66 9 4 2 36 47 95 61 17 1 2 62 50 69 20 56 95 69 4 13 94 55 6 56 58 95 37 91 80 16 65 37 74 88 93 87 5 77 9 69 23 44 75 13 50 65 27 23 57 67 90 36 70 65 12 50
36 38 52 34 71 90 2 80 45 5 18 82 87 57 10 34 37 62 27 17 58 90 95 59 46 72 25 93 28 16 30 98 43 98 94 77 56 43 30 96 56 87 69 88 7 4 22 12 91 49 60 97 34 78 64 27 83 88 19 53 41 4 39 71 70 15 30 70 35 23 42 43 1 97 88 10 78 22 12 71 48 6 89 60 24 92 66 66 39 54 30 29 12 83 41 92 89 95 25 66 55 79 69 52 16 37 88 69 84 84 70 7 78 12 59 55 43 68 50 87 99 47 41 76 5 77 70 11 71 0 24 0 16 63 73 84 55 88 20 37
80 44 46 41 83 29 9 31 27 32 8 29 13 6 75 95 53 44 75 54 4 50 60 62 61 76 51 20 47 23 5 59 64 67 53 27 14 9 28 77 40 32 47 63 48 3 53 97 77 32 97 13 30 30 71 1 29 29 65 53 53 50 65 59 50 78 19 24 27 34 70 53 27 7 27 39 1 65 7 37 89 71 84 1 34 10 6 79 57 79 19 54 55 62 17 78 27 13 100 82 92 5 0 47 78 36 51 42 48 89 78 21 21 34 66 96 46 35 28 21 76 39 20 76 52 66 41 10 29 7 13 18 78 5 32 19 83 100 52 18
64 48 59 45 35 4 48 5 78 69 19 63 18 67 9 21 14 87 48 56 32 58 28 94 76 2 15 34 2 88 76 25 34 11 25 4 18 95 11 72 78 6 77 12 60 65 90 18 59 34 35 22 80 52 25 59 26 3 59 58 56 42 56 77 20 65 77 66 46 84 84 52 20 80 50 11 60 1 99 42 58 98 53 98 14 22 58 95 15 77 34 17 85 1 3 50 83 57 42 32 42 85 54 57 20 28 72 28 7 66 40 18 42 77 57 83 98 49 32 32 82 32 44 39 56 8 18 100 94 44 54 16 98 51 6 86 5 98 79 69
11 98 23 69 59 7 85 79 100 54 51 75 11 52 6 45 74 47 89 33 54 96 99 37 25 18 40 97 8 62 48 7 57 24 64 28 68 39 9 9 90 3 26 11 56 60 100 92 24 26 68 68 100 32 17 68 50 43 10 60 96 59 28 30 66 56 94 21 63 33 45 2 23 58 47 91 93 77 80 44 5 32 87 68 66 28 11 39 52 84 90 22 7 82 53 80 99 95 44 60 78 22 32 30 67 72 15 79 28 10 84 15 67 84 34 61 97 59 72 88 99 78 36 97 78 25 40 6 86 71 32 48 22 8 87 1 55 47 17 64
42 48 54 93 7 85 9 37 42 100 79 57 55 0 13 76 39 38 50 6 42 37 42 63 22 89 49 64 39 98 94 87 8 89 56 81 89 71 62 92 53 97 33 94 36 68 15 83 26 10 18 89 34 0 32 85 63 11 72 26 70 86 82 93 24 35 93 6 86 23 93 94 52 14 87 52 51 83 75 43 63 28 42 59 28 73 24 81 77 67 75 72 15 69 34 92 53 15 84 70 79 94 23 95 70 13 45 13 15 26 38 61 44 55 21 67 19 17 44 22 35 6 23 91 48 52 90 69 28 6 33 44 99 37 5 48 4 34 39 72
13 48 94 26 60 30 1 65 11 98 77 87 79 88 79 75 14 68 41 89 47 58 74 83 7 35 100 44 98 43 68 84 37 40 4 61 46 43 57 29 0 54 75 99 0 9 22 68 30 18 22 0 99 50 49 68 50 36 23 71 79 4 41 93 57 81 22 43 81 61 7 59 68 70 42 60 54 39 55 27 72 44 47 31 52 48 83 70 44 48 17 61 24 70 64 56 73 12 58 15 38 39 55 97 10 69 70 55 90 5 54 79 86 56 59 86 28 5 56 56 80 10 96 48 73 64 6 23 37 34 5 29 92 34 31 28 55 53 83 19
91 55 76 80 17 47 50 100 81 96 63 95 49 9 44 11 50 35 46 89 58 51 80 76 32 68 37 30 58 16 4 36 74 15 91 62 99 53 100 73 39 42 38 37 61 9 2 57 0 38 21 38 9 87 100 5 70 7 60 71 90 53 67 35 11 87 69 75 97 67 11 28 100 29 100 69 86 67 44 34 50 43 70 40 94 32 38 74 65 57 68 24 42 56 82 44 48 22 57 45 3 94 44 36 26 58 94 28 68 48 60 17 82 98 96 56 61 38 40 86 63 16 0 86 92 23 94 68 51 15 74 12 99 57 88 86 74 34 90 67
60 46 10 27 35 1 13 33 89 45 90 14 79 89 11 5 50 67 52 85 53 82 96 84 34 93 66 49 95 85 1 60 75 53 13 55 5 85 26 41 21 12 25 43 72 48 41 90 40 90 58 74 28 44 58 42 24 37 77 56 31 18 22 66 69 94 26 44 3 56 95 68 31 27 98 63 1 53 39 87 91 44 68 27 52 29 55 89 37 29 35 23 65 91 35 56 23 68 26 72 19 57 89 26 88 62 5 34 40 16 71 91 85 57 7 50 13 55 48 20 80 85 9 40 92 13 15 100 98 22 8 51 51 89 22 40 67 23 49 79
62 86 28 18 91 72 34 19 20 35 90 100 100 2 77 75 54 26 10 31 2 1 14 77 0 66 37 39 3 87 100 70 56 61 17 85 28 40 40 17 10 42 76 40 88 2 73 33 78 60 92 20 82 32 62 48 52 29 98 46 3 3 53 1 0 60 19 33 54 44 80 70 31 73 45 43 43 63 68 76 53 89 55 36 92 99 78 31 43 60 58 89 55 86 0 62 89 87 61 93 56 24 5 31 89 64 54 86 46 98 17 60 22 5 15 2 63 19 22 94 87 86 59 83 95 61 99 91 26 3 82 64 22 51 31 93 85 48 6 86
69 56 36 76 53 100 16 26 44 33 90 92 86 12 93 86 57 81 15 18 14 31 3 60 22 18 79 0 43 89 97 60 63 98 48 76 58 34 51 33 64 59 31 84 59 72 1 31 53 8 43 85 92 68 27 45 89 60 35 79 44 40 11 45 87 95 55 93 75 75 58 59 6 33 40 36 53 27 8 40 83 35 53 99 31 38 35 7 19 20 66 25 0 56 46 55 80 96 62 11 63 39 80 28 95 29 23 60 19 65 98 98 41 2 67 27 81 83 81 85 80 87 99 3 71 60 81 94 90 81 87 75 42 17 56 70 75 81 60 38
63 20 0 23 26 27 70 65 76 82 31 10 69 99 60 65 87 75 8 29 82 79 92 79 69 73 10 61 69 98 95 34 95 78 83 43 36 5 29 100 82 34 38 25 51 58 61 66 99 88 8 100 17 29 66 73 7 22 85 54 14 65 67 16 32 36 23 56 49 82 68 18 82 49 82 14 69 5 84 85 48 35 79 29 92 65 37 99 2 65 98 64 93 50 18 91 15 9 13 60 96 33 51 22 17 96 42 24 1 40 70 89 59 61 68 53 17 49 51 64 59 56 98 84 38 32 14 85 6 100 80 4 81 31 34 13 91 29 42 66
35 11 82 52 65 55 36 44 65 56 22 61 49 8 65 0 43 80 93 77 57 8 66 18 47 31 33 1 33 19 66 48 1 79 82 25 76 96 18 40 94 72 78 73 69 10 2 93 50 59 86 60 67 95 53 30 63 92 10 87 9 86 59 32 98 93 95 47 53 63 17 99 99 24 24 98 15 50 50 63 10 60 9 25 86 5 31 58 73 5 59 35 59 57 23 65 49 69 3 51 60 79 95 64 83 98 19 95 96 95 63 58 67 89 45 60 77 1 83 65 47 43 87 43 9 47 28 92 95 60 28 45 55 8 97 41 62 4 17 40
74 69 12 9 37 60 26 74 99 65 22 61 66 3 52 63 33 83 53 64 95 17 92 40 88 39 77 29 96 83 60 86 84 88 63 58 65 33 4 47 96 53 78 78 50 70 62 71 97 32 53 19 17 75 12 2 44 96 56 36 22 92 76 100 96 62 42 95 53 78 50 12 99 23 34 38 65 22 51 89 43 66 2 53 17 80 28 91 17 23 25 8 20 61 46 97 73 72 76 90 64 82 80 29 0 61 87 29 47 39 48 71 62 42 40 91 62 64 97 86 53 43 51 13 100 74 92 73 78 39 59 84 72 49 100 97 72 76 0 46
59 38 50 60 48 95 36 67 89 3 30 33 76 6 1 14 67 46 45 95 66 61 20 45 9 23 93 80 81 43 58 52 41 60 91 80 20 1 45 54 24 13 55 89 69 34 87 10 28 90 20 59 41 19 97 70 60 20 99 1 98 31 7 62 52 91 59 50 72 76 60 83 26 68 98 1 53 28 61 58 51 72 30 73 38 29 57 36 9 84 22 37 77 20 79 58 52 7 81 91 85 25 90 15 46 48 59 90 94 62 1 84 25 44 16 63 24 11 52 39 57 55 34 3 80 84 54 77 16 3 9 61 97 76 51 59 22 94 98 4
75 46 97 49 32 76 76 17 18 28 58 92 43 45 63 32 97 38 81 70 77 60 30 100 39 27 95 13 42 63 47 47 94 100 29 49 30 68 29 24 53 10 75 29 46 94 93 9 53 28 98 2 75 23 55 52 93 48 87 21 85 46 73 69 48 42 66 58 68 3 69 91 95 1 75 7 70 93 5 61 81 10 5 43 6 29 14 7 11 1 9 26 80 87 61 10 76 78 15 84 88 57 47 95 25 91 44 52 9 55 41 26 71 60 95 64 13 67 100 12 61 28 13 32 27 35 16 49 69 98 43 16 0 58 83 49 94 0 38 69
53 46 68 13 25 60 23 9 2 57 30 37 11 7 44 91 66 84 85 80 94 58 87 65 77 32 72 26 100 0 1 88 30 69 93 28 72 26 46 31 29 32 35 89 15 56 52 78 6 20 35 8 46 31 67 46 49 93 33 79 24 48 48 32 34 57 34 44 77 53 94 53 44 79 65 48 3 48 6 65 20 39 56 47 85 69 19 7 57 48 62 27 10 23 39 19 28 19 46 52 77 61 96 81 22 95 44 29 39 100 45 93 13 17 27 28 100 62 80 52 94 96 73 67 55 9 92 57 31 5 51 19 37 43 11 77 93 41 45 4
78 10 11 5 22 81 92 20 81 21 44 31 38 35 74 91 76 6 50 65 63 38 70 74 4 66 72 75 85 96 54 48 26 40 7 92 28 5 47 86 54 45 62 38 92 97 90 82 95 48 41 37 58 72 80 27 18 48 78 72 38 2 78 83 39 69 83 24 87 29 95 87 18 49 73 56 66 83 46 79 85 86 48 16 37 54 25 71 32 91 16 37 88 96 55 72 8 32 80 10 56 82 7 29 99 99 82 84 80 19 64 37 96 66 98 39 12 3 38 58 46 72 90 35 35 32 58 30 65 12 41 95 22 95 82 31 29 22 76 73
50 9 80 7 73 81 86 59 55 1 44 66 8 80 12 60 58 0 27 69 10 31 44 25 39 58 43 54 66 3 28 45 36 31 72 57 36 9 60 75 55 4 23 52 78 100 23 25 3 77 93 20 54 14 79 66 49 85 52 52 62 36 100 88 27 30 97 86 94 69 5 58 64 44 86 48 86 74 32 7 76 88 93 93 26 46 99 65 68 100 13 70 9 94 30 58 64 35 16 45 65 9 97 58 20 60 78 78 22 12 34 81 74 57 3 96 18 47 87 23 57 81 84 99 53 35 58 46 37 66 45 61 72 12 59 97 55 86 1 9
86 96 88 86 64 70 77 73 97 90 60 17 50 55 35 58 63 15 85 9 66 4 45 58 6 67 95 0 73 75 50 62 64 70 48 66 2 34 10 39 100 64 44 31 84 64 22 55 12 44 83 10 67 44 36 54 48 44 1 79 41 18 8 62 95 92 75 48 45 27 54 70 34 28 6 60 94 91 86 16 52 19 98 54 33 38 25 16 18 45 58 50 98 25 49 41 82 52 51 70 33 2 98 9 96 27 47 87 11 59 77 50 55 65 51 95 58 58 67 8 15 78 73 13 70 62 78 40 1 37 17 4 69 62 34 4 6 50 56 65
32 42 77 86 39 81 24 94 77 82 65 63 62 91 56 12 52 96 22 51 78 6 65 74 79 63 14 84 56 32 28 82 60 95 63 92 0 55 64 28 77 83 55 10 14 100 63 52 46 82 37 97 0 14 30 76 58 56 3 73 24 57 77 72 58 62 31 90 24 58 26 12 49 96 10 17 81 39 35 48 38 73 68 13 66 82 59 42 30 50 100 58 79 69 27 92 68 98 21 95 94 75 96 9 4 0 40 99 71 56 26 69 43 24 24 43 49 39 45 34 68 29 9 64 40 0 11 95 3 29 23 9 37 58 65 92 64 4 42 16
48 92 78 14 18 52 88 53 32 99 5 100 80 7 13 46 11 76 76 30 94 87 1 18 38 71 21 20 86 49 61 57 41 50 62 94 28 82 78 18 69 81 50 84 91 29 32 4 12 82 35 11 26 74 59 35 94 75 32 15 52 92 8 75 27 26 73 92 100 81 83 28 96 83 58 66 35 85 97 15 80 66 72 36 92 62 24 100 83 36 75 96 63 44 65 33 23 65 2 70 15 46 13 45 81 31 23 79 100 55 94 61 13 90 18 84 3 4 45 61 17 1 70 52 88 14 42 92 49 73 95 1 16 46 75 56 98 8 90 32
34 62 26 43 48 64 41 8 63 45 2 94 88 35 65 98 65 37 26 69 94 16 84 90 33 80 5 76 44 54 55 3 13 32 39 53 49 98 81 55 30 7 93 2 82 18 45 55 8 36 38 41 61 91 40 31 77 71 30 91 58 47 28 98 39 87 34 94 77 44 93 11 48 41 79 41 37 63 18 71 17 94 36 54 26 93 7 28 57 47 83 97 14 2 74 68 37 12 51 12 82 8 57 57 47 2 95 84 81 88 35 10 73 21 29 57 34 68 13 49 41 24 73 70 46 13 89 81 39 58 43 95 17 23 65 57 81 75 36 41
85 52 65 60 65 64 6 38 88 49 64 54 77 10 60 35 24 77 48 20 98 12 43 28 50 96 31 77 87 54 60 92 12 67 43 24 43 15 57 28 32 73 17 36 15 22 51 47 39 83 16 32 88 94 88 26 90 54 46 9 84 22 56 31 100 10 55 11 8 85 8 65 16 32 81 53 64 7 47 17 20 61 16 99 75 42 80 1 39 86 55 93 81 2 97 73 36 93 37 10 96 37 34 45 26 82 30 7 61 24 19 18 91 66 37 9 4 81 45 1 55 77 10 97 33 61 81 59 71 18 88 0 50 3 78 16 93 53 4 42
96 64 62 56 69 25 95 19 26 13 64 52 22 52 93 16 15 25 33 70 46 55 39 89 4 70 57 12 67 9 33 26 30 44 29 74 62 54 24 74 81 85 56 8 96 10 11 98 29 59 25 98 94 56 42 18 65 85 57 38 9 48 1 94 90 63 37 97 80 57 25 81 51 4 61 64 64 74 47 63 27 62 97 50 49 18 44 7 8 2 51 69 18 2 44 57 6 77 66 19 79 99 15 57 47 38 65 48 46 79 73 19 27 50 12 12 99 79 82 15 23 69 57 44 0 10 92 19 74 54 15 76 68 44 92 50 10 31 58 15
94 84 87 9 26 92 28 61 10 26 33 95 76 9 98 50 82 12 62 80 42 99 11 43 44 75 68 11 3 65 75 41 44 81 66 24 25 4 26 32 44 89 98 99 91 29 2 6 33 62 32 59 80 82 35 82 81 75 25 49 18 25 78 72 84 98 51 31 45 64 3 39 22 43 55 25 78 81 58 3 17 40 61 67 35 86 16 84 55 88 56 69 37 50 90 73 89 3 53 73 75 39 4 47 54 49 27 23 6 38 46 27 72 56 84 49 53 12 2 37 21 0 80 21 72 99 6 70 8 66 47 66 51 39 41 13 97 81 97 99
90 73 44 11 48 62 4 19 5 99 24 44 56 2 13 54 20 72 93 22 12 35 0 24 97 28 57 57 97 16 75 46 31 61 84 98 45 89 95 42 86 59 45 94 62 64 91 82 98 67 79 71 24 98 2 82 13 20 52 85 72 68 74 43 12 94 69 100 94 49 45 42 1 77 71 55 19 43 93 90 24 90 35 46 29 60 52 1 93 77 95 85 10 75 57 9 15 88 12 35 24 70 27 36 19 1 54 89 0 69 53 72 89 75 15 66 12 19 22 10 69 61 43 76 82 18 48 68 30 82 74 9 11 51 54 29 4 75 72 70
89 24 15 45 93 44 1 98 43 91 77 45 74 33 31 48 15 98 31 63 34 19 8 46 68 6 77 34 73 44 30 74 12 2 50 13 45 28 20 35 68 57 39 71 27 13 1 84 17 31 11 17 73 54 62 47 43 24 51 22 43 46 91 50 41 94 63 38 75 85 16 44 87 22 40 70 61 19 49 36 71 71 21 37 66 21 15 10 26 55 17 27 27 66 66 45 61 8 99 70 69 65 46 79 29 61 62 55 68 49 58 40 6 92 27 14 11 48 1 54 39 79 99 16 20 0 7 46 26 4 1 98 47 76 97 17 71 59 31 4
94 70 43 92 38 67 91 65 79 62 1 92 89 64 61 71 42 50 75 38 32 95 36 5 81 6 22 19 0 5 50 76 15 19 93 16 36 70 83 99 20 56 32 58 90 22 99 14 65 49 15 43 60 99 87 61 80 96 23 13 60 41 57 70 81 2 59 44 8 79 33 52 24 65 4 5 85 68 83 19 4 77 68 70 91 27 30 80 28 5 13 91 81 88 81 60 9 74 33 99 14 69 8 100 93 59 49 79 40 31 48 35 20 38 96 70 17 21 15 59 100 96 7 59 39 83 67 34 80 50 63 49 6 39 92 9 76 76 68 64
99 1 65 78 1 99 34 31 76 79 20 45 67 99 95 14 80 91 68 48 54 33 31 7 86 34 84 97 92 10 38 31 11 83 9 84 10 28 52 36 71 94 80 95 64 68 5 34 11 56 52 25 57 66 2 14 69 95 95 38 9 86 19 25 34 88 45 78 93 90 54 93 54 70 8 31 82 34 28 93 70 22 33 14 11 88 48 99 3 41 71 80 75 40 43 19 88 24 43 5 25 64 60 87 96 41 59 18 20 13 43 35 56 9 43 57 64 38 98 18 57 47 54 70 36 93 34 14 18 49 76 14 41 59 20 13 23 38 71 18
88 12 13 62 96 76 94 84 91 29 31 81 40 53 97 10 54 14 23 88 78 39 53 68 98 96 92 45 23 94 97 6 38 59 49 64 51 19 30 66 30 62 27 94 46 71 72 20 99 58 12 59 74 15 44 88 7 98 87 40 59 81 55 21 17 85 1 28 63 51 36 1 87 82 18 20 46 88 49 99 78 30 61 35 72 65 60 71 55 58 17 45 100 84 73 39 77 80 89 74 67 58 80 39 81 92 40 35 73 81 25 70 32 66 60 97 11 88 34 32 40 51 16 20 40 33 8 14 36 54 78 45 100 2 18 40 91 54 52 38
37 4 44 43 46 10 47 39 59 16 24 94 77 83 6 71 39 8 67 81 11 93 50 15 18 28 51 88 66 82 27 63 11 94 59 42 26 81 77 4 38 52 30 8 65 0 73 16 13 48 55 49 49 45 52 83 15 38 9 95 33 48 83 21 95 10 68 75 80 77 52 32 56 42 72 66 44 2 79 9 49 45 20 42 50 40 5 14 97 83 18 86 15 60 65 39 15 88 23 23 79 44 94 20 45 88 90 80 49 75 13 89 61 8 45 77 81 44 49 32 55 41 80 18 8 87 74 70 12 44 36 66 49 99 25 90 8 25 67 16
53 73 50 59 66 96 20 63 91 33 100 1 33 14 84 38 73 99 65 13 84 66 59 20 0 2 91 53 21 53 85 4 25 41 49 76 20 77 7 16 66 8 9 1 95 74 25 62 6 45 43 93 100 81 28 94 43 66 71 25 58 83 47 80 53 90 91 39 65 39 38 57 48 78 18 74 7 68 27 36 46 37 16 3 28 65 21 57 89 43 50 33 99 49 77 98 93 69 41 27 82 69 95 45 0 87 24 35 56 87 32 32 38 83 13 84 48 70 100 78 49 26 8 22 37 80 27 6 25 40 71 47 77 71 73 97 36 22 34 31
3 75 4 50 50 88 25 36 0 27 86 91 23 21 47 56 43 54 12 78 62 45 86 3 15 43 38 95 83 64 64 14 17 43 12 19 51 9 83 23 3 10 62 88 44 2 80 99 51 18 18 48 24 45 71 15 23 87 9 8 83 50 8 21 85 97 3 64 67 39 23 28 1 61 92 15 93 25 2 20 14 17 60 53 67 94 81 82 64 41 38 74 59 47 3 49 5 24 62 77 82 35 92 28 14 39 56 67 93 8 29 93 88 22 4 44 27 33 80 0 87 71 89 19 60 10 94 8 4 5 21 82 65 49 69 34 30 25 43 36
52 48 42 9 41 2 38 97 72 64 77 71 13 97 97 38 17 65 37 50 67 68 83 25 65 85 62 74 95 92 51 22 93 97 82 71 96 68 22 100 24 6 90 32 93 21 30 20 83 34 51 52 5 75 21 18 49 94 46 21 84 86 83 57 12 27 67 1 45 40 75 73 33 37 46 83 27 84 36 35 27 52 24 13 1 1 71 81 42 31 15 75 63 30 86 63 42 34 25 94 14 34 48 93 27 54 62 100 82 28 99 5 7 14 46 11 45 20 84 36 50 21 71 40 29 63 39 98 24 22 75 68 2 58 85 99 5 45 13 28
96 21 39 30 85 62 35 21 40 8 45 8 34 65 99 54 62 61 88 22 66 77 22 57 13 67 48 57 53 73 78 42 1 6 70 85 80 66 53 59 82 69 27 12 77 68 5 15 27 39 50 44 22 82 60 65 12 86 31 16 46 90 64 27 4 85 45 1 0 54 20 28 59 24 62 70 34 45 66 58 50 69 42 14 20 76 4 75 69 48 60 63 32 62 1 72 5 90 65 15 20 89 90 37 22 25 16 44 6 35 91 77 62 98 32 46 17 56 33 90 75 77 31 53 14 82 18 12 60 85 90 100 25 87 58 44 44 94 77 4
19 47 6 2 42 65 27 60 96 14 58 44 100 77 95 20 94 98 1 88 20 56 56 46 87 58 4 5 42 41 64 49 8 22 56 74 72 39 45 94 33 88 6 56 3 56 51 68 72 28 23 39 91 27 24 17 80 48 100 17 41 24 54 42 52 41 17 38 37 76 45 55 69 80 31 66 2 8 48 74 7 43 50 30 98 43 5 14 93 52 17 72 76 51 74 20 56 29 27 1 3 39 67 18 71 39 38 18 36 65 26 94 92 6 68 48 94 59 43 30 72 23 19 8 68 69 31 69 26 89 68 32 15 22 57 33 31 97 22 90
81 14 89 3 61 45 7 4 12 19 27 70 45 1 67 35 11 76 37 53 97 13 91 90 9 78 63 58 60 89 93 25 11 42 41 80 95 51 63 44 85 96 9 13 100 50 25 14 23 3 96 66 93 9 46 8 27 90 37 49 100 21 14 58 41 71 31 36 22 72 84 47 75 69 67 96 95 38 95 26 13 44 81 87 100 56 93 100 29 67 27 69 98 95 100 20 93 74 34 92 59 63 14 98 13 85 12 40 51 86 37 10 96 35 94 26 26 21 29 43 23 8 84 47 45 53 11 57 19 35 62 74 35 48 0 41 27 55 63 26
73 99 88 23 8 20 88 49 81 57 35 73 69 32 41 77 8 72 60 21 59 62 48 49 40 83 46 83 55 18 96 60 71 86 69 72 82 72 60 0 67 63 11 56 44 67 80 11 77 71 31 73 42 35 10 5 70 43 48 2 32 38 62 46 8 35 89 35 15 27 34 21 90 46 45 9 19 25 87 33 88 5 88 69 61 41 84 84 55 60 82 28 50 66 35 49 13 75 76 56 9 79 83 48 4 63 7 58 1 98 88 98 25 81 39 70 75 68 66 41 82 87 5 3 35 92 32 97 56 63 76 52 26 32 93 96 86 54 59 55
48 36 4 17 49 28 48 48 74 12 3 4 54 42 72 97 57 96 45 23 23 49 69 57 45 13 9 60 66 51 12 60 94 25 77 96 54 26 49 16 61 68 15 6 29 73 4 45 30 99 69 34 19 97 38 41 54 14 42 76 93 63 92 22 58 26 60 34 63 58 51 90 63 87 19 34 44 65 67 39 45 66 18 4 41 24 89 18 10 40 44 65 3 85 98 36 59 3 18 81 71 81 32 72 29 81 30 79 65 88 100 53 91 48 79 66 30 53 9 22 68 54 33 37 98 10 54 62 35 8 37 40 96 52 16 12 53 68 94 53
53 94 88 21 88 99 72 40 89 79 9 90 64 13 72 75 84 38 57 93 20 72 69 64 70 96 27 43 62 71 0 11 15 17 4 69 75 73 33 41 5 34 97 65 65 79 14 44 4 41 20 82 74 39 67 68 35 61 46 94 14 35 20 80 29 80 27 7 70 60 74 36 59 28 21 6 6 5 85 34 52 72 35 44 92 65 10 79 97 64 26 95 29 4 12 97 85 54 0 52 77 80 60 10 61 42 23 5 76 42 82 56 100 63 30 98 48 9 19 96 30 21 11 48 60 76 34 38 56 70 68 25 77 52 74 8 72 65 95 82
55 94 77 70 5 29 22 68 55 92 51 36 75 83 19 29 36 78 11 58 21 46 11 2 30 10 63 59 17 11 74 10 49 17 60 54 57 39 60 88 29 2 5 57 90 76 50 29 25 43 19 21 19 30 29 29 44 20 10 13 74 48 91 60 56 66 79 12 40 85 100 78 78 44 5 17 100 72 45 47 74 5 58 61 85 63 22 49 31 76 62 96 41 4 78 89 39 5 61 87 7 17 43 100 33 35 78 35 45 61 48 64 24 78 78 94 41 75 30 57 41 61 1 98 47 25 69 19 58 64 82 63 43 63 69 17 90 59 2 69
56 38 9 28 27 85 49 69 100 25 60 81 82 55 13 22 85 69 41 41 53 23 14 0 77 60 90 83 75 90 79 14 52 27 92 82 75 66 53 76 82 100 43 15 19 33 100 44 19 47 73 44 87 84 44 43 100 38 89 8 82 7 51 4 8 16 5 47 4 44 82 11 71 4 92 66 55 51 68 87 53 48 18 85 93 63 85 16 9 77 82 15 89 67 30 1 42 35 95 6 37 30 39 78 99 89 64 17 68 44 36 72 95 23 84 72 9 59 97 88 21 51 47 89 70 24 46 21 97 10 32 59 99 4 7 10 36 33 69 85
93 23 11 61 26 95 21 44 42 30 63 81 96 92 70 53 34 28 68 83 80 42 90 78 31 94 62 87 96 84 61 48 37 66 27 48 4 76 40 80 38 84 29 44 59 44 19 89 72 92 42 80 34 81 83 65 53 23 94 16 57 45 48 54 85 79 99 63 10 95 36 44 62 81 68 57 5 57 99 39 38 4 69 52 69 23 58 44 100 37 42 33 3 64 40 29 65 13 48 69 35 25 92 27 82 21 68 31 91 47 33 71 68 92 11 6 47 91 23 27 80 73 53 40 41 89 48 11 95 44 36 93 7 79 72 9 45 13 11 53
13 94 67 76 47 75 10 29 80 86 100 53 23 64 20 11 24 74 30 35 84 30 28 61 39 8 74 22 94 1 55 36 35 30 87 68 82 31 21 88 85 84 69 27 59 90 43 74 60 41 63 98 79 82 100 1 26 70 24 44 11 59 92 73 29 94 41 73 43 57 76 64 26 10 84 38 81 71 17 47 47 25 81 73 9 5 82 48 42 80 27 70 37 21 10 36 78 77 98 82 23 6 53 6 98 41 74 73 67 91 95 34 19 23 59 57 17 70 91 42 50 77 14 44 20 64 19 7 32 15 87 57 94 49 98 88 80 78 75 58
72 41 11 67 74 68 51 7 66 92 28 12 9 6 10 56 25 72 2 11 29 100 96 30 18 99 38 54 56 96 42 51 49 85 43 42 90 20 95 75 57 35 63 100 51 82 55 25 87 88 57 50 0 63 76 14 52 37 4 92 82 24 92 93 11 3 41 51 24 17 25 30 79 9 96 21 90 91 26 38 50 90 37 5 50 65 16 47 47 7 15 21 0 43 13 14 19 17 86 0 90 71 99 91 33 75 78 12 50 78 59 54 3 3 77 23 65 67 89 99 85 44 39 9 25 13 96 42 43 69 43 32 9 83 80 98 84 41 54 27
27 69 16 99 21 79 23 39 58 16 85 44 52 15 18 84 56 52 57 64 85 84 85 88 56 61 84 88 41 24 36 58 27 47 27 12 16 66 89 44 54 78 6 25 91 70 67 27 22 95 92 80 9 81 89 0 45 95 71 96 38 39 82 28 27 55 86 37 35 23 25 5 53 58 96 20 46 57 87 62 31 9 70 20 30 80 11 16 19 11 48 20 87 76 22 22 72 91 45 73 6 93 1 26 26 34 26 99 44 81 2 56 17 6 31 33 6 3 62 69 1 81 36 83 18 75 74 57 42 58 94 39 51 2 18 53 91 84 44 63
85 44 36 26 78 96 44 62 77 63 49 60 69 68 39 2 96 39 12 45 28 9 47 5 69 95 54 55 78 23 24 72 80 5 59 99 62 78 70 2 6 55 65 16 4 2 45 86 37 73 48 15 64 4 74 35 14 88 84 5 58 16 26 49 49 29 41 56 49 45 58 8 84 31 21 7 84 8 84 6 78 65 4 55 26 45 3 7 73 90 2 16 30 82 49 30 81 34 91 86 5 87 16 61 83 25 70 79 10 64 54 96 10 3 71 23 1 28 30 47 64 85 72 42 16 4 38 12 35 20 74 48 18 73 36 54 17 8 58 87
95 64 80 77 42 44 26 59 24 66 87 90 54 72 5 44 83 13 83 4 22 23 63 94 49 51 17 86 61 0 92 62 39 67 37 99 41 77 92 84 9 60 47 44 95 19 54 34 17 26 8 30 45 66 66 41 67 27 59 84 72 61 66 83 69 46 57 83 79 64 49 23 95 24 48 35 91 16 90 20 79 20 84 5 50 98 29 38 40 56 7 78 49 51 61 40 92 66 73 69 42 73 10 54 62 98 0 66 66 25 84 40 53 73 23 14 44 83 3 76 78 96 61 61 6 72 60 2 11 63 48 36 52 74 4 47 54 69 57 80
90 3 13 77 42 62 68 84 55 20 8 58 14 29 10 15 48 96 62 1 69 19 17 84 61 49 96 30 6 60 13 81 20 24 1 19 96 79 22 93 89 16 5 90 82 53 85 40 78 40 67 52 8 45 88 35 31 47 25 55 54 56 60 67 15 0 10 17 29 42 97 0 11 51 17 83 22 65 44 55 67 68 41 92 2 22 43 43 80 85 16 52 65 41 78 13 2 49 76 100 53 49 9 72 41 43 40 20 78 28 17 23 0 9 3 99 40 75 18 13 30 53 64 8 90 87 66 78 63 97 23 59 82 75 64 93 99 47 97 56
61 90 55 74 48 74 20 53 33 64 22 80 54 59 5 42 55 4 89 23 58 32 88 37 55 92 58 44 76 6 25 4 52 17 83 24 26 97 12 72 30 35 45 70 0 61 36 16 73 49 31 68 80 18 21 80 73 24 30 1 85 2 25 98 34 36 22 17 19 70 34 99 82 58 62 27 99 98 39 77 10 29 92 87 10 59 34 68 46 94 49 65 16 22 49 52 46 21 81 54 34 25 27 38 64 60 62 34 3 56 29 66 2 14 13 38 32 80 5 44 76 99 39 26 51 4 71 80 89 76 35 76 51 79 81 72 16 80 20 32
40 27 96 25 72 76 86 2 15 88 32 20 24 29 92 54 50 72 94 76 84 22 64 19 36 82 6 19 5 42 29 13 88 4 30 47 59 31 37 39 57 39 72 68 64 55 40 36 34 19 56 5 36 17 79 28 27 86 98 77 63 93 71 58 65 24 32 100 32 24 60 19 35 98 44 47 74 32 48 57 3 2 57 66 34 6 7 38 45 64 25 17 13 39 27 34 15 20 23 56 32 59 37 26 67 70 53 52 72 93 72 73 8 31 91 58 91 37 28 96 99 15 11 14 23 13 72 89 98 74 97 38 47 29 96 26 31 81 13 12
71 0 28 57 40 20 23 71 79 42 79 41 37 9 85 60 38 11 27 33 49 41 9 78 5 61 38 11 6 70 6 0 38 42 34 28 27 79 46 83 53 91 25 3 42 87 71 29 64 88 83 43 54 3 1 38 16 55 28 36 58 74 54 62 28 57 89 89 51 10 34 32 91 80 90 0 80 18 37 43 72 82 63 63 14 15 74 83 47 87 72 20 22 29 45 57 44 18 5 4 18 72 68 85 48 67 27 44 61 85 52 11 44 43 57 98 79 90 67 91 49 12 15 31 91 84 97 96 62 99 8 26 85 48 67 1 21 85 28 25
33 96 46 58 23 92 4 27 49 70 35 69 80 3 21 42 46 58 37 18 30 61 48 3 21 78 3 50 91 66 60 55 95 61 37 89 81 65 73 64 84 53 27 28 86 44 15 19 91 54 51 47 77 95 38 32 69 21 13 81 98 16 92 89 93 17 53 40 39 86 38 63 96 9 45 14 88 33 88 52 82 85 77 65 31 73 22 20 5 93 75 78 64 74 55 48 68 77 17 6 66 73 8 66 90 55 92 83 91 36 37 48 93 92 59 84 94 82 63 9 35 93 62 74 30 44 2 77 50 36 84 48 83 39 67 73 70 51 11 99
88 67 75 5 69 36 37 14 91 81 64 81 41 64 75 61 74 87 32 93 56 0 25 19 76 25 87 43 39 53 84 43 73 20 72 71 53 81 95 61 35 46 14 76 32 28 9 95 73 11 40 51 94 35 10 51 16 1 77 43 51 4 45 93 63 36 87 0 63 46 28 79 16 43 84 37 52 76 6 53 54 36 46 13 97 41 21 83 5 6 22 79 54 63 27 37 42 31 65 95 18 33 84 58 66 87 20 44 43 15 86 59 90 28 95 59 62 66 1 33 94 82 57 49 13 56 3 91 57 69 51 41 11 88 58 75 58 9 95 100
1 57 41 61 56 84 83 27 19 23 43 77 34 69 42 32 85 24 71 92 27 71 38 48 7 37 57 78 26 73 62 55 42 17 65 60 90 86 12 19 65 51 54 63 32 70 94 99 68 32 34 23 46 77 25 42 33 45 25 28 28 29 35 96 6 75 55 18 82 54 15 85 30 52 46 35 53 72 83 17 12 15 68 40 97 40 87 8 22 77 17 6 44 89 14 37 49 62 100 86 18 71 26 78 90 65 28 34 91 60 41 31 47 35 36 75 15 53 95 21 58 22 44 99 45 99 88 75 62 8 79 99 47 64 41 4 82 39 39 79
86 40 61 58 50 13 17 14 65 63 47 6 37 75 6 38 7 38 14 23 58 7 38 50 6 97 74 28 4 0 90 55 58 9 79 22 53 93 22 16 73 17 54 29 36 71 79 20 47 53 76 54 40 42 90 1 83 36 20 75 63 34 83 42 3 20 34 72 87 63 53 60 60 52 47 91 35 44 88 45 10 16 41 37 53 7 57 85 6 77 54 14 80 18 79 64 92 72 73 43 86 68 90 58 23 1 10 99 10 2 33 25 98 23 35 19 9 64 54 5 78 74 100 38 30 13 41 31 13 35 63 68 19 76 96 17 53 81 71 34
10 28 10 8 42 46 87 55 98 59 34 36 79 23 24 11 7 49 86 10 9 56 8 47 24 36 22 97 66 84 57 43 28 19 60 21 80 58 92 96 87 27 83 22 32 72 21 93 85 42 8 82 76 58 2 54 82 7 59 3 0 63 77 32 9 96 79 46 10 78 25 16 78 95 44 43 39 82 1 88 77 66 85 99 84 36 98 44 71 6 12 6 68 78 15 54 58 39 70 61 62 98 14 97 66 40 58 32 38 10 27 96 16 25 84 20 54 46 58 59 13 23 60 13 71 28 8 74 86 59 47 53 97 42 31 85 58 33 25 43
82 56 2 28 64 11 100 37 79 94 46 38 70 44 69 89 35 33 63 39 59 77 24 64 100 76 2 81 44 34 63 6 58 22 17 40 59 55 95 22 5 55 64 78 14 13 51 9 55 30 16 1 4 3 28 85 63 33 95 81 40 81 27 89 45 81 58 35 43 37 41 87 67 61 7 29 14 23 94 26 82 38 87 30 49 19 84 52 2 85 91 73 67 84 78 77 86 55 35 22 73 56 0 64 18 60 59 71 8 10 15 81 68 26 20 91 13 80 42 27 67 69 81 91 94 47 53 54 80 50 96 60 22 49 28 87 43 21 88 12
60 34 35 71 19 35 31 56 54 50 55 7 4 87 48 69 23 59 50 34 30 13 51 22 21 88 67 57 9 91 9 94 48 0 48 44 47 95 8 98 4 49 55 90 81 16 1 70 80 33 84 39 75 15 81 35 44 36 82 46 42 17 10 18 30 24 26 93 70 26 40 44 27 92 43 5 75 6 18 24 14 5 77 78 32 10 16 76 86 80 54 84 99 5 43 38 97 48 26 3 70 27 85 50 23 44 29 96 26 54 15 50 51 97 35 54 24 32 79 28 27 97 63 81 2 23 69 85 1 41 29 2 32 7 32 78 15 39 25 83
93 96 19 73 82 28 25 7 10 81 82 78 42 39 65 71 73 71 15 34 41 93 44 14 13 51 88 25 22 64 67 89 71 1 85 6 65 68 69 1 5 35 64 28 20 37 87 18 45 33 49 49 17 1 32 75 3 21 52 54 72 82 58 77 89 80 43 30 10 16 42 66 69 10 33 7 33 19 67 37 6 97 40 17 9 86 83 35 23 6 78 53 27 1 61 3 51 42 35 65 100 34 55 82 18 72 58 25 85 5 98 65 33 24 68 30 73 4 63 83 100 77 47 33 74 37 37 24 69 13 2 66 85 88 78 11 9 64 85 31
77 68 24 75 12 9 62 78 21 75 49 39 85 22 26 22 17 82 99 49 38 55 61 6 28 80 24 94 99 52 83 23 32 72 52 3 24 64 58 58 41 49 94 96 45 36 99 93 40 41 21 48 5 40 61 38 27 83 45 18 19 70 52 85 83 84 76 58 28 20 62 33 28 26 80 0 67 57 60 30 4 13 42 90 48 40 66 12 82 95 56 25 43 29 26 5 64 21 25 52 56 78 3 13 28 66 24 36 18 64 74 65 69 96 59 11 93 58 65 100 88 54 35 63 18 21 64 90 19 74 93 40 13 25 48 57 8 92 22 85
54 55 37 79 55 85 11 70 97 14 97 98 91 54 60 90 49 82 52 13 88 21 11 5 8 27 97 96 9 3 90 77 30 40 52 26 7 44 74 9 69 52 22 76 29 87 17 86 98 39 4 12 3 67 48 56 30 31 89 49 88 70 14 31 81 45 79 38 97 96 25 71 78 4 89 78 38 49 65 33 90 98 83 6 52 86 58 74 38 94 69 73 1 71 36 18 90 63 31 71 55 1 21 91 87 97 7 89 29 90 95 74 86 73 25 61 8 30 3 18 31 77 89 19 89 23 54 14 75 76 2 43 43 66 16 32 77 74 0 88
17 9 13 65 97 98 74 65 33 94 85 21 72 98 41 47 86 22 82 66 55 51 70 86 33 34 61 68 7 83 81 45 63 19 10 79 59 41 77 29 34 79 9 1 30 6 61 10 95 26 55 51 31 57 89 32 8 23 39 90 17 79 40 49 59 58 36 50 1 37 45 19 33 78 18 12 76 60 64 46 25 41 16 62 91 98 31 24 69 32 79 55 55 56 87 87 89 74 45 49 57 36 11 84 33 5 65 56 3 53 79 90 44 3 2 78 84 54 20 76 23 66 72 96 57 98 100 25 92 60 8 80 28 75 4 15 5 16 29 84
40 8 99 73 50 8 27 73 82 98 13 46 96 97 78 24 71 93 6 44 7 51 61 74 84 83 22 79 12 51 68 24 2 43 83 70 19 57 77 62 95 38 18 78 16 32 81 49 87 75 93 42 52 48 82 1 96 30 65 8 46 53 40 65 51 65 19 53 25 79 24 21 51 57 74 19 90 89 26 84 35 24 19 92 40 94 35 29 63 49 33 61 69 61 82 92 78 81 38 48 39 37 20 57 56 64 88 17 17 95 5 82 15 91 88 4 35 46 61 2 24 91 71 68 70 19 89 85 37 27 92 35 46 99 46 13 28 63 39 31
22 46 56 26 1 81 7 45 48 46 38 3 61 54 90 10 86 76 46 10 56 68 55 22 40 2 94 3 52 46 66 41 77 67 27 14 61 1 33 36 62 4 99 55 70 37 80 30 5 12 73 78 92 94 2 98 42 91 55 21 92 13 67 39 85 10 6 70 32 77 72 41 99 48 79 52 31 32 96 27 76 58 61 42 98 96 43 1 9 45 57 78 98 57 85 45 57 5 98 30 56 28 68 68 4 9 55 62 17 89 96 81 57 81 71 82 51 37 41 42 94 16 30 88 75 10 62 79 34 40 51 88 72 30 91 83 48 95 52 37
100 31 66 50 84 96 57 13 56 82 39 33 100 74 97 89 14 22 87 70 39 92 89 22 29 96 62 22 2 95 96 32 87 37 6 77 12 40 68 5 79 70 69 9 8 67 73 68 27 83 49 1 46 97 63 82 44 80 45 100 98 85 22 53 61 47 68 12 35 58 77 54 0 67 81 35 42 69 79 42 79 56 93 60 81 85 61 4 47 32 10 68 62 61 48 34 67 96 51 10 84 44 8 15 74 64 72 86 58 44 11 34 85 78 64 79 22 54 30 72 10 50 20 92 98 86 80 60 45 29 22 75 88 37 13 29 36 59 89 99
26 78 55 46 55 67 21 73 53 66 88 88 45 11 74 90 93 51 87 97 54 60 95 56 78 79 85 54 83 19 13 36 96 38 50 21 14 52 12 61 71 94 2 59 12 76 52 11 88 99 15 81 70 68 48 21 95 88 9 87 91 21 76 69 55 54 33 38 60 52 11 85 24 60 62 87 24 33 84 65 64 89 97 85 31 13 76 79 41 61 79 73 18 39 80 54 99 85 85 88 56 83 36 54 98 4 11 55 86 23 55 28 39 10 67 40 87 28 69 60 16 23 18 42 64 83 68 78 11 33 50 23 16 35 23 37 48 75 99 42
31 36 25 64 89 48 60 16 55 25 32 1 56 97 5 74 92 3 42 73 36 96 66 36 26 8 11 76 86 71 75 9 21 17 91 83 53 15 95 85 4 14 33 61 38 92 57 57 31 8 62 15 72 83 18 46 6 82 48 97 93 90 53 48 35 34 89 91 100 75 70 97 9 33 52 67 52 11 80 79 24 33 99 16 96 1 94 74 30 49 5 84 39 31 25 59 5 54 80 51 19 8 66 59 43 22 76 64 85 4 32 27 93 31 23 5 13 68 80 60 36 58 68 64 40 77 19 37 55 30 19 63 9 26 27 80 26 29 70 40
47 24 21 94 39 0 50 26 38 60 88 83 55 66 84 37 81 46 52 5 19 48 86 9 0 18 54 77 52 97 62 86 79 94 80 18 89 85 48 47 74 94 97 12 61 73 99 37 27 23 96 40 5 53 96 70 3 18 37 80 35 41 89 32 79 1 99 83 42 29 86 70 5 49 77 4 88 100 47 6 64 64 20 76 19 93 56 19 74 78 28 27 91 74 85 87 54 86 46 14 69 28 47 84 93 96 57 64 98 79 61 91 86 51 93 41 34 68 10 7 37 25 21 57 9 32 9 81 43 97 70 15 81 10 59 83 33 69 97 2
56 64 38 73 62 84 51 66 3 7 52 0 39 14 65 64 85 98 0 34 32 5 18 2 30 89 30 12 98 3 16 13 27 70 5 77 26 25 66 35 49 72 50 40 10 71 60 84 29 31 87 26 29 52 20 94 50 70 14 88 54 57 67 53 36 45 18 63 46 46 30 37 51 16 79 61 97 91 21 73 97 9 63 13 90 51 85 23 72 39 89 18 33 54 46 67 15 62 85 15 30 40 24 28 8 43 4 66 60 11 32 11 93 16 0 92 89 25 57 51 67 37 16 26 99 73 41 56 75 60 51 40 46 40 10 21 91 41 87 87
54 31 28 56 23 72 98 15 40 77 79 44 62 46 95 35 98 77 56 24 84 31 87 39 30 7 31 10 12 7 85 89 6 35 87 44 83 28 90 89 11 25 82 68 2 0 32 73 5 62 68 83 32 70 36 49 57 72 50 86 15 10 94 68 66 70 76 2 79 28 52 53 47 89 99 44 23 86 36 67 10 93 92 36 23 56 17 18 71 82 13 2 11 1 23 61 38 21 54 6 41 43 87 25 33 68 19 85 66 11 51 36 81 90 86 85 83 54 75 23 34 45 74 13 64 58 90 11 71 21 6 1 51 38 55 46 8 69 88 39
15 23 40 63 81 51 27 51 51 28 59 98 72 94 97 57 18 89 69 100 89 55 13 75 40 31 31 96 95 18 67 14 38 20 69 68 28 56 96 66 66 6 24 78 6 55 86 58 87 75 91 14 66 24 50 22 42 61 38 62 83 53 42 21 54 89 0 55 37 86 84 76 4 88 81 83 76 75 33 21 24 30 61 10 67 75 94 96 36 52 53 29 14 98 82 58 10 60 60 2 92 87 86 23 35 65 87 41 87 82 83 93 12 78 3 39 88 24 81 79 55 1 92 7 100 70 2 57 62 56 72 74 40 34 65 36 39 73 27 83
13 73 57 11 96 10 84 26 89 29 14 75 15 22 47 20 91 78 47 58 42 55 57 34 90 79 43 92 68 30 97 16 4 32 66 8 60 53 12 91 53 29 100 60 12 78 8 31 2 47 100 42 72 37 19 33 74 69 28 55 58 11 69 51 92 91 29 3 15 10 71 2 20 52 41 9 83 66 50 93 95 56 87 16 64 92 83 14 38 54 90 36 64 50 84 14 34 30 74 21 65 34 2 68 39 80 72 45 83 28 1 8 74 38 22 49 51 30 79 41 53 86 4 85 44 75 79 16 56 5 58 94 25 87 88 75 32 34 55 42
46 26 3 41 83 55 97 53 75 10 19 59 50 37 26 27 78 5 62 9 31 68 12 87 100 26 37 11 2 20 75 48 72 6 25 2 45 88 83 35 34 86 41 39 21 46 47 89 72 88 57 75 44 0 59 47 84 47 63 42 53 25 5 95 21 67 51 72 38 24 62 70 14 53 69 60 17 28 6 22 21 3 15 48 2 39 95 35 52 48 30 93 75 50 22 18 91 51 18 41 14 8 75 65 47 57 34 54 40 85 47 37 92 16 81 93 56 31 4 16 81 34 97 11 34 31 34 58 3 18 98 29 56 88 13 24 56 79 29 78
9 21 57 73 82 18 3 22 77 31 36 30 77 87 100 12 17 6 23 69 65 31 55 16 37 85 32 75 64 90 73 32 71 22 29 66 3 10 66 53 82 11 15 23 44 81 56 82 56 27 100 34 25 52 49 92 97 84 68 60 70 27 11 37 10 67 55 71 58 56 1 93 97 19 29 36 75 15 89 12 86 55 22 22 16 96 72 35 93 8 22 20 66 63 36 24 10 42 94 60 18 41 100 51 23 9 90 45 44 31 2 68 26 52 53 87 68 24 60 64 68 99 4 58 12 79 40 55 45 78 52 96 37 55 2 72 61 5 79 16
21 5 45 33 81 4 72 85 63 23 48 9 95 5 97 95 95 88 78 99 23 44 5 42 50 17 14 28 43 93 74 28 86 66 26 21 63 36 23 20 22 65 86 11 92 4 24 35 33 83 65 20 52 5 22 95 51 23 76 69 52 49 52 28 11 10 53 93 47 2 38 66 57 96 31 52 38 31 69 81 31 16 5 32 2 15 84 54 73 78 36 87 41 35 23 54 7 58 54 60 20 66 61 43 46 4 16 7 4 21 86 64 94 71 3 73 22 77 63 28 16 30 57 49 57 59 73 98 28 29 41 2 33 19 43 30 96 73 47 75
20 52 22 6 17 49 94 76 97 39 91 31 74 88 76 86 37 8 49 94 19 26 56 16 35 40 61 40 61 49 16 57 40 31 11 67 7 18 0 33 21 84 14 40 51 21 69 29 3 99 92 49 9 59 34 48 75 97 50 39 28 41 47 65 22 47 55 46 11 63 90 39 95 1 48 20 96 97 51 18 1 41 91 95 28 28 99 2 12 11 37 15 92 76 87 73 91 27 15 13 33 18 43 42 46 21 25 55 97 46 49 19 12 70 11 72 12 66 28 39 30 7 64 67 93 73 53 81 94 18 20 92 11 100 66 99 84 78 14 83
83 60 7 10 52 45 0 68 42 20 48 42 58 36 70 3 80 4 44 43 27 93 34 38 38 11 77 45 70 56 24 88 43 18 64 13 76 11 66 79 45 48 52 23 59 80 63 45 76 61 14 11 11 7 86 52 34 33 91 1 28 0 10 89 80 76 18 0 28 91 41 87 60 22 17 51 48 42 59 24 98 66 25 82 15 92 66 41 46 100 59 92 38 86 74 99 57 47 76 91 24 2 68 81 76 47 44 67 7 31 6 77 59 72 11 13 86 63 59 17 57 21 38 75 4 7 5 15 76 61 96 11 54 38 98 93 86 49 29 8
58 4 97 19 81 88 3 48 55 47 80 94 52 39 68 37 21 80 3 66 54 15 19 69 97 86 54 27 17 64 59 21 51 80 40 16 96 45 9 70 69 18 20 25 0 88 32 70 15 31 30 88 24 60 70 14 16 60 46 79 13 54 5 27 61 42 28 28 3 72 12 78 10 67 11 28 43 16 82 43 55 53 29 19 78 74 87 99 37 60 28 93 19 82 7 53 4 3 38 64 15 73 98 15 17 98 77 35 18 97 78 97 50 25 23 95 53 5 84 19 42 38 17 64 22 24 28 71 58 80 82 17 86 18 7 26 71 28 88 68
96 75 7 6 29 16 24 96 27 45 71 63 1 96 88 23 1 10 87 33 50 97 1 38 21 48 64 34 4 48 3 66 21 31 21 51 34 55 30 36 43 41 18 1 94 76 13 74 93 62 86 28 75 68 39 82 36 81 3 85 6 14 21 61 41 41 63 81 13 39 8 38 95 28 43 26 75 93 89 30 80 63 30 51 19 75 81 3 24 81 3 11 100 33 33 97 79 40 98 93 46 23 87 38 97 100 53 38 41 100 53 88 74 17 72 39 29 96 22 22 0 40 76 79 99 74 73 30 25 37 13 73 88 90 13 7 30 66 96 59
67 51 96 91 14 46 55 20 70 40 3 14 8 55 37 39 29 69 73 95 83 89 45 47 3 18 23 45 66 70 49 24 89 54 100 57 16 94 11 94 76 34 31 77 78 13 7 88 47 10 19 48 99 60 67 37 35 64 35 54 49 67 53 15 8 9 100 52 92 39 5 8 63 28 5 10 67 72 49 87 55 70 0 61 68 71 12 61 43 82 92 29 20 63 83 82 42 86 65 63 93 10 35 74 44 60 7 40 92 63 68 97 10 20 64 16 13 24 91 87 51 53 37 86 49 19 14 81 67 50 30 33 70 19 40 60 48 25 40 90
91 84 95 70 99 2 59 6 19 2 80 25 100 53 11 51 84 99 18 60 37 45 46 78 9 17 75 42 5 22 47 39 73 100 25 98 24 71 24 96 4 87 15 90 56 59 38 98 78 77 89 66 76 93 1 31 37 89 29 51 77 8 11 74 7 80 96 28 68 53 7 11 100 25 10 57 90 19 61 3 20 37 32 51 3 59 98 62 65 58 47 90 8 22 50 12 51 83 100 87 78 17 6 75 13 95 90 61 100 89 28 0 36 53 42 76 87 99 68 60 31 76 61 5 39 67 89 2 98 22 91 5 82 31 36 50 82 73 39 76
18 63 60 17 79 22 8 1 88 55 60 43 82 59 18 45 8 9 63 3 66 10 5 20 46 71 49 21 73 57 31 99 53 55 71 25 81 94 54 47 80 56 64 55 78 69 47 25 35 41 82 13 82 73 21 73 43 41 57 71 47 100 5 17 11 79 78 76 40 76 79 85 72 98 47 3 67 90 5 72 67 90 59 100 69 19 52 57 7 8 68 8 64 49 34 41 11 75 71 68 24 52 99 66 13 17 62 5 16 43 46 34 72 20 48 92 4 51 32 87 1 50 36 58 1 96 7 75 81 11 75 93 30 86 1 3 9 99 79 29
86 26 88 21 81 85 56 54 31 24 62 53 67 81 58 94 44 99 82 90 91 24 51 93 91 81 13 8 67 57 34 70 74 67 4 87 6 77 65 48 53 46 97 9 96 9 67 2 47 67 54 35 84 77 73 99 59 49 77 59 1 2 57 67 79 82 60 87 44 0 84 74 62 84 23 1 45 52 26 42 3 12 18 93 36 69 31 64 97 8 22 8 16 28 71 49 86 49 25 89 17 27 77 43 47 3 9 99 86 84 28 76 55 97 93 24 76 31 20 94 36 38 39 49 55 5 38 35 19 8 34 21 37 83 62 89 84 77 4 57
95 25 23 99 6 1 13 82 38 98 100 72 70 100 23 39 61 22 33 40 40 76 68 8 44 28 54 67 61 54 35 3 35 23 33 38 30 20 16 64 88 89 2 12 18 60 100 4 3 46 14 58 6 63 43 70 89 98 0 24 42 34 6 3 16 41 76 81 21 56 32 22 47 14 31 32 3 29 17 26 95 33 51 90 45 60 56 96 59 34 95 31 81 79 9 7 44 52 94 91 34 38 54 34 0 18 82 5 45 15 6 43 70 67 13 60 67 4 3 82 83 94 75 11 4 12 26 33 53 73 66 29 71 28 16 79 13 94 5 62
29 77 53 24 29 6 69 74 11 70 27 29 55 91 4 64 80 38 24 97 61 12 58 59 54 95 69 79 77 58 43 90 42 16 45 62 65 81 10 91 39 53 58 81 34 7 14 49 91 42 18 38 62 90 90 78 54 3 79 67 11 70 69 92 100 15 79 39 50 46 31 26 77 62 44 44 55 78 26 86 47 77 88 90 63 78 99 14 81 83 64 32 13 0 93 71 100 92 67 40 97 14 58 100 12 66 99 63 93 11 30 12 10 81 81 47 49 1 33 99 70 34 35 73 15 63 3 7 45 39 88 33 98 100 51 95 40 83 91 40
10 73 46 5 90 7 67 41 60 61 25 21 56 14 20 74 26 44 49 68 98 12 64 46 43 97 1 87 10 19 58 28 50 49 41 100 87 49 13 51 50 61 81 4 28 99 97 3 22 14 90 4 69 91 70 2 77 14 18 71 33 2 65 52 78 74 44 51 15 96 94 6 59 31 64 15 80 4 30 1 92 46 7 86 52 28 74 68 11 93 17 37 23 74 25 78 38 87 96 15 33 75 85 76 39 69 44 37 91 9 39 4 17 49 55 90 7 74 66 85 55 87 18 59 88 35 57 73 89 66 36 66 62 35 94 64 24 18 54 91
95 38 48 14 43 82 29 11 66 53 60 20 75 64 0 32 57 86 41 62 10 4 65 79 83 68 79 69 79 99 84 6 19 36 90 45 61 50 63 63 36 77 96 64 37 21 26 95 44 37 61 40 72 83 46 63 21 24 23 31 44 57 22 22 62 100 58 91 48 79 46 85 52 33 67 80 90 99 87 51 2 47 65 69 80 31 28 27 96 2 93 39 21 45 62 28 86 1 98 62 48 59 62 61 63 23 46 21 36 55 32 78 44 98 0 56 99 12 17 57 28 45 78 90 72 14 81 18 64 16 51 2 49 60 80 61 77 97 77 62
44 55 86 50 54 71 45 78 25 12 31 92 22 82 83 71 31 18 35 86 58 42 43 67 26 20 0 30 10 35 71 42 70 56 71 22 1 55 87 98 42 39 100 9 70 45 82 46 34 14 66 71 24 56 87 72 21 14 58 78 86 83 100 31 15 34 13 99 43 33 20 85 15 94 72 78 72 18 88 21 95 59 30 55 93 32 0 15 65 88 39 88 38 81 24 98 23 68 92 39 1 41 47 10 95 80 6 63 40 66 85 0 76 43 83 15 46 39 9 69 2 58 87 65 27 29 95 94 30 52 23 57 45 76 64 66 75 30 30 58
56 12 21 29 10 93 31 60 75 8 20 42 17 46 6 2 3 55 77 27 25 21 92 93 0 98 80 73 98 29 31 72 88 34 83 75 57 71 65 27 31 99 99 98 24 33 70 3 31 44 38 17 72 32 93 64 68 72 44 6 34 87 6 44 92 37 3 78 54 47 97 23 32 3 56 68 71 85 25 20 47 13 28 28 66 23 58 92 74 58 11 24 92 17 61 45 17 5 39 38 48 91 88 76 24 3 20 44 94 93 88 3 96 89 78 17 13 37 83 48 96 63 23 96 19 28 78 92 98 3 44 38 88 11 79 49 99 31 7 26
66 51 95 33 11 83 63 31 25 57 6 68 95 14 30 54 92 78 84 64 76 45 45 19 60 80 10 8 25 34 88 23 11 57 59 63 90 20 87 18 100 42 51 78 42 47 83 71 66 33 57 27 4 94 37 57 41 12 65 74 16 72 94 59 4 65 63 36 69 64 13 12 82 82 19 16 82 15 89 63 95 37 96 89 72 32 63 2 89 61 72 45 61 28 98 1 44 60 60 72 17 6 62 60 79 30 73 47 28 96 23 95 33 61 8 24 91 25 57 73 17 61 80 94 93 38 32 6 100 8 54 55 14 65 25 13 88 18 92 71
90 68 14 67 13 11 91 80 100 38 8 28 29 24 58 21 30 86 20 23 76 70 41 7 68 34 13 33 24 55 1 85 15 48 85 50 50 8 65 76 27 78 64 12 4 89 39 24 19 73 70 39 94 94 87 65 53 49 45 26 61 22 54 70 52 13 56 92 9 67 36 88 34 53 89 28 79 22 95 72 85 19 11 61 37 65 55 82 18 93 89 10 83 27 23 57 73 3 18 72 56 82 65 57 99 44 68 5 22 64 62 30 92 26 90 54 77 15 56 42 36 28 56 52 54 21 4 95 0 33 12 58 82 52 89 78 60 69 84 19
5 53 8 60 8 56 2 96 78 12 35 88 42 59 95 34 22 56 61 12 51 83 62 75 4 22 18 79 59 59 82 28 54 14 99 33 97 46 78 99 77 12 1 13 45 25 23 73 58 88 69 59 55 68 8 12 13 96 62 52 20 89 91 60 70 42 99 30 71 49 45 26 41 95 36 41 94 48 17 57 16 32 90 98 36 52 90 89 72 97 18 17 78 18 55 95 10 97 92 5 65 39 27 89 17 15 80 67 78 95 64 0 48 70 74 88 62 57 36 78 35 40 39 96 21 17 67 76 59 7 66 41 26 76 63 99 65 2 43 46
17 67 30 64 34 71 85 51 1 88 50 71 77 99 22 48 5 59 15 98 25 88 68 11 1 47 17 68 3 66 29 41 42 54 98 5 100 92 47 100 66 83 69 11 36 37 53 88 31 41 58 79 38 71 43 69 25 15 40 40 26 27 51 75 3 19 80 18 33 48 65 92 23 64 72 51 87 90 90 69 7 7 30 21 63 23 96 50 10 49 60 1 19 74 45 60 61 13 52 23 69 90 39 83 81 14 22 22 75 34 95 3 71 75 36 26 37 80 84 3 78 43 12 19 96 94 33 51 18 83 60 82 2 93 77 86 40 95 62 4
63 7 4 77 96 84 79 44 54 87 69 22 48 2 61 93 11 47 5 100 52 100 51 83 38 63 62 8 99 61 47 48 82 85 96 67 85 33 6 73 18 19 83 85 37 11 79 6 91 97 98 60 61 72 82 50 94 86 80 54 4 29 10 98 35 81 93 1 87 19 32 31 23 42 83 54 35 11 82 47 54 76 73 39 64 17 40 14 35 55 21 96 93 94 49 56 62 11 54 19 41 84 98 4 18 15 16 44 65 39 7 36 57 97 97 99 83 24 93 1 84 42 95 13 18 22 58 53 68 69 85 28 2 48 14 39 25 57 34 14
9 74 30 35 11 86 37 41 24 72 37 79 10 61 95 87 2 73 66 69 6 80 6 97 27 22 8 100 38 20 58 72 66 40 72 64 20 47 88 71 86 81 0 66 78 83 34 61 15 80 96 68 7 88 14 88 68 76 87 16 13 100 10 44 63 26 10 34 79 30 5 86 21 91 77 31 63 37 84 10 70 74 10 95 51 92 35 80 98 57 93 40 59 18 35 41 63 19 80 60 95 22 75 98 6 12 63 52 35 18 29 38 64 91 11 95 47 44 89 35 89 78 98 60 62 26 99 19 6 83 91 10 85 22 23 92 67 83 48 98
65 6 21 96 99 41 72 23 34 59 74 90 64 68 15 0 83 29 23 55 76 75 81 98 75 7 38 53 99 4 67 92 88 91 13 99 93 90 15 8 49 35 56 28 44 82 1 25 45 96 45 54 11 14 47 5 39 7 19 91 37 25 30 38 3 60 11 31 45 78 92 8 56 7 95 35 93 41 7 65 19 8 38 13 50 67 74 4 95 58 82 76 55 0 75 51 58 36 81 13 56 33 100 20 10 39 28 18 45 88 86 86 87 4 52 48 95 85 63 40 69 16 75 36 9 13 61 38 56 36 31 65 76 42 69 66 38 37 30 9
36 19 88 47 50 82 17 76 16 0 11 17 19 21 70 25 56 57 31 7 72 62 6 74 33 34 42 56 45 39 42 97 23 32 28 24 63 97 85 66 12 44 44 9 71 33 35 11 64 42 88 8 12 84 80 61 47 65 50 81 65 27 53 15 25 39 50 64 100 93 91 23 25 64 39 75 26 23 93 93 44 39 7 29 94 77 70 73 87 69 54 48 29 87 19 100 95 96 37 37 31 15 68 10 57 52 12 45 39 19 14 10 2 71 10 61 84 83 53 10 62 39 6 92 63 0 22 86 31 14 67 11 20 41 87 74 69 47 3 61
