10 20
6 46.8 71.5 3.6 13 79.8 91.5 41.4 95 66.5 26.1 22.9 80.3 7 3.9 40.7 82.4 99.8 36 50.5
3 41 37.9 62.8 65.1 88.5 87.3 62.7 72.2 62.3 75.8 39.2 59.3 24.1 53.7 36.2 36.3 10.1 92.3 3.3
8 14.6 65.1 13.4 3.1 0.1 98.3 55.7 59.2 22.9 18 93.1 67.9 72.2 53.2 41.5 7.7 83.7 41.6 42.7
4 99.6 10.7 50.7 52.3 5.9 4.1 33.8 0.8 83.7 78.8 32.3 68.7 7.6 61.2 89.7 55.8 10.3 3.5 92.4
8 23 81.1 25.7 25.3 16 56 67.2 34.1 48.1 74 40.8 26.3 48.8 22.9 52.9 99.7 75 35.9 72.1
5 37.1 64.1 40.3 28.3 95.2 18.1 73.1 57.4 53.9 84.8 2.9 67.7 61.1 20.6 16.5 27.6 97.3 93.4 90.2
7 68.4 8.4 90.2 2.1 49.9 33.3 47.7 99.6 81.8 38.5 35.7 31.3 21.1 43.2 10 60.1 17.8 2.8 99.9
1 44.4 29.2 54.3 48.8 44.9 57.8 39.3 46.7 90.1 45.8 39 67.1 40.2 68 74.3 53.4 39.4 46.1 93.3
7 97 4.5 95.6 44.4 41.9 7 100 21 95.5 14.6 93.2 55.9 81.1 27.5 35.1 28.5 20.3 78.2 89.8
0 80.3 91.7 13 57.3 18.4 58.1 52.5 74.7 94 76.9 66.4 53.9 67.4 46.6 44.8 17.2 31.3 95.2 86.3
20 10
7 79.3 102.2 94 91.2 85.8 199.8 36.3 147.1 1.7 90.4 38.4 157.1 94.3 67.5
10 96.2 108.8 148.7 25.7 196.5 63.1 5.3 181.5 166.9 116.2 13 0.7 48.1 112.6
0 102.9 67.9 144.4 96.4 181.7 107 162.7 169.4 37.3 172.8 89.9 82.7 62.9 92.6
13 32.5 98.3 123.2 131.5 67.6 151.3 18.3 128.6 93.7 132.7 0.9 86.4 31 134.5
5 95.1 190.5 76.8 110.1 135.8 194.7 98.8 55.8 139.9 76.5 157.8 184.2 15.1 98.4
13 9 171.3 26.3 138.7 40.9 112.5 2.8 99.4 121.3 104 194.9 93.8 135.4 77.4
14 26.6 182.7 38 157.1 179.5 139.9 18.1 141.2 151.8 31.2 32.9 108.1 194.5 36.2
14 79.8 178.3 58.3 67.9 11.7 158.8 180.6 179.9 85.8 77.6 39.6 117.9 128.4 42.6
5 60.7 118.5 155.8 69.8 188.4 196.6 97.6 172.1 69.1 122.1 118.2 172.6 174.5 11.6
14 124.7 1.6 4.9 159.4 82.4 61.3 122.9 174.8 186.6 70.7 9.9 87.4 153 34.7
9 65.5 129.6 123.6 86.2 187.5 143.6 128.2 85.2 85.8 73.8 182.6 197.4 20.9 198.1
2 153.8 185.7 12.9 139.9 155.3 128.5 57.1 120.2 45.7 124.3 141.4 42.8 10.3 142
4 57.7 17.6 189.8 62.8 195.3 182.4 40.1 57.1 165.7 161.1 51.5 99.2 15.7 188.2
9 33.1 196.2 15.5 163.7 159.1 188.9 158 177.3 130.9 91.6 44.3 148.9 65.6 41.8
5 18.8 186.8 172.3 42 53.5 188.4 197 147.8 92.3 187.7 155.3 32.5 61.5 18.4
8 172.4 27.1 95.4 41.3 92.4 126.9 129 33.9 171.1 13 197.4 105.3 179.5 72.7
4 184.7 150 39.9 175.2 138.2 128.8 86.1 142.4 172.7 146.6 132 83.2 47.5 174.2
8 145.4 0.6 96.5 167.6 112 4.8 193.2 47.7 46.5 71.7 12.2 42.8 99.3 39.1
13 23.3 38.8 72.9 51.7 193.3 179.4 126.6 186.6 170.1 47.2 132.8 181.4 75 177.9
10 180.2 32.1 29 167.7 43.4 46.6 157 140.6 182.8 38.9 2.6 70.6 9 181.5
