120 100
40 36 62 71 14 70 101 20 74 21 38 13 54 87 47 104 97 93 76 52 10 43 101 3 84 58 5 15 32 73 120 5 31 105 72 115 71 105 22 46 81 78 47 91 96 90 20 105 14 61 68 103 114 101 21 104 36 29 26 45 28 6 73 87 101 9 43 120 84 32 118 73 104 39 106 37 61 88 0 33 33 24 34 115 25 74 19 115 57 38 47 81 92 52 97 101 19 44 25 93
104 117 114 64 89 17 13 102 78 9 63 75 41 89 0 60 8 18 89 85 81 112 8 60 41 75 86 95 66 18 77 89 117 114 115 23 20 101 58 85 85 105 97 51 50 2 108 53 83 38 76 1 95 103 21 82 77 9 7 73 52 46 0 62 43 90 120 72 118 36 8 120 19 93 102 68 1 63 25 76 66 29 40 106 95 22 13 113 72 0 117 13 23 68 32 5 90 24 88 55
53 83 2 99 79 97 24 74 15 106 39 84 23 50 93 47 24 53 87 88 98 115 61 71 12 10 32 56 61 82 17 87 9 36 42 84 100 86 60 53 41 20 91 37 36 35 108 44 108 112 46 29 89 5 15 64 94 40 43 69 35 83 23 53 102 107 87 116 57 17 104 104 57 108 75 77 106 14 30 35 102 92 119 22 20 94 34 48 117 71 88 16 48 15 48 111 116 99 91 16
28 17 72 104 62 28 81 112 110 50 96 112 69 34 110 1 41 104 105 20 120 88 43 8 0 16 62 67 25 72 38 9 68 70 16 120 24 91 115 105 70 98 41 26 120 30 90 84 99 83 2 29 77 44 30 81 101 25 42 119 116 114 72 17 36 117 90 105 96 63 87 102 21 48 59 115 27 37 33 29 71 27 8 17 99 74 85 67 1 38 118 63 84 71 60 104 68 32 71 13
56 103 98 118 5 77 34 100 19 45 102 120 54 113 37 16 99 99 74 49 41 19 27 109 100 56 119 40 28 87 52 101 71 57 26 60 94 70 118 120 53 71 79 110 107 89 18 20 45 87 63 24 42 76 5 63 36 85 115 25 83 78 103 26 45 82 99 119 111 47 55 84 12 106 90 23 42 10 47 39 51 111 87 45 8 88 60 4 78 96 47 113 62 14 17 55 100 30 59 78
71 40 4 0 47 60 53 120 24 49 111 81 92 10 49 77 18 15 14 30 87 76 33 52 40 35 54 106 7 75 105 91 5 81 24 107 62 31 81 89 117 48 11 41 6 39 27 105 1 19 68 44 13 77 17 41 88 7 46 107 16 42 78 77 82 93 54 28 109 67 101 56 22 56 16 54 26 8 38 85 61 33 52 41 59 115 22 42 36 72 24 86 111 103 40 7 22 62 95 7
111 53 75 37 44 86 45 68 60 2 74 56 28 94 36 13 79 6 105 53 39 88 65 85 115 60 32 54 40 110 55 56 17 102 13 93 106 73 106 66 106 113 55 60 89 17 6 100 17 113 14 107 54 25 57 47 18 6 68 119 102 10 113 117 117 11 76 91 39 108 20 65 89 49 36 39 3 18 88 90 80 88 78 65 18 88 92 28 20 38 42 39 27 65 33 26 91 80 33 66
27 1 115 84 32 2 100 5 106 115 6 5 116 115 88 6 60 61 59 24 9 72 73 53 0 57 45 7 102 120 112 44 47 84 104 110 73 14 68 62 3 82 89 12 72 19 26 78 106 31 120 9 103 39 1 29 7 15 82 65 116 5 28 106 84 18 75 6 61 44 116 115 35 62 96 108 113 90 89 119 53 109 27 97 31 61 59 113 21 32 81 99 109 40 41 118 49 119 86 64
43 38 48 79 89 24 17 40 79 5 74 5 47 108 63 1 16 10 114 52 10 63 43 62 23 42 55 76 67 57 109 17 28 107 80 76 2 99 33 10 14 66 89 120 38 117 105 114 31 28 90 9 96 102 77 7 3 4 100 49 47 113 70 87 67 83 49 15 18 67 88 52 29 22 59 38 116 53 28 3 93 69 87 42 73 9 16 85 101 0 17 119 26 114 48 84 20 5 67 92
26 103 6 67 64 15 58 48 28 60 104 94 2 50 20 65 97 21 5 1 29 36 28 82 11 39 31 52 22 76 82 76 86 89 6 47 42 66 83 87 96 72 56 25 76 88 22 3 102 90 11 114 85 58 36 62 23 43 64 69 52 42 91 119 95 84 88 61 53 75 119 38 2 0 49 62 112 51 4 94 34 96 112 93 6 112 67 24 45 76 76 22 111 60 33 79 28 9 17 38
97 88 84 8 71 88 43 76 25 6 74 0 0 112 46 78 120 53 93 97 95 114 87 53 57 95 49 29 87 29 9 63 26 16 62 69 34 102 15 67 47 55 44 21 102 120 2 18 47 83 91 1 108 22 120 90 49 31 13 9 18 83 37 57 100 92 28 6 50 77 8 64 88 65 23 36 50 70 56 92 45 109 106 115 52 24 111 39 15 63 104 106 76 106 44 69 77 4 56 46
17 81 54 111 4 46 81 109 64 66 71 59 114 99 84 117 89 11 90 57 19 120 81 34 48 117 22 9 40 29 19 5 25 80 91 54 6 46 28 29 108 29 77 110 8 67 66 57 119 32 15 59 7 40 85 4 92 71 79 21 25 62 65 3 116 39 60 50 74 17 97 22 93 68 13 55 66 38 50 95 37 88 23 64 112 80 93 116 16 75 59 48 52 48 22 119 73 4 51 5
109 3 99 72 73 72 21 107 56 101 64 101 75 19 68 72 113 94 63 18 80 52 57 27 73 21 19 16 30 12 28 92 76 99 14 92 30 24 60 49 60 120 68 95 101 30 47 114 33 119 100 109 7 86 76 10 104 31 79 75 92 101 47 86 15 31 111 65 62 51 63 46 11 76 14 68 47 63 88 44 51 13 110 108 104 99 32 99 17 102 119 73 36 68 63 113 38 108 62 105
55 29 9 86 96 30 15 85 20 63 71 36 43 6 30 49 72 66 109 41 108 33 54 118 111 8 73 11 40 2 28 104 73 54 20 46 105 116 106 6 115 18 103 49 61 96 66 48 33 23 19 77 119 50 59 37 104 108 63 54 44 102 51 16 100 73 95 48 77 53 34 120 116 68 70 59 11 47 51 34 101 29 31 69 80 10 69 110 50 94 75 107 51 78 45 9 18 50 8 5
30 112 89 100 108 26 10 12 52 6 95 105 42 74 55 2 119 100 28 57 106 16 13 58 42 80 59 118 16 37 82 49 109 21 15 95 97 81 113 114 110 58 80 1 111 76 94 95 35 77 84 103 36 112 85 64 94 61 12 31 13 46 103 113 68 83 52 104 85 12 88 15 108 45 102 112 38 78 90 101 15 7 67 113 43 12 118 113 4 39 12 22 30 21 115 10 114 100 27 57
39 76 28 22 50 72 89 103 101 28 120 47 120 118 69 75 51 22 111 111 25 78 22 44 27 27 83 17 77 8 6 16 86 65 11 85 49 16 10 8 92 40 113 108 106 9 2 66 70 58 5 2 104 79 89 95 33 30 10 46 92 87 12 73 94 2 57 17 76 37 76 65 11 87 21 66 113 10 96 76 74 118 87 86 28 108 47 37 63 11 87 74 77 39 83 68 9 94 85 108
66 66 74 11 1 15 6 45 93 25 38 23 13 44 99 35 65 103 55 15 95 38 76 18 93 69 95 53 113 3 22 31 80 44 102 117 94 33 80 62 70 52 112 36 115 120 68 113 70 11 38 37 29 67 104 27 108 23 72 68 2 57 45 72 7 68 118 28 37 70 61 16 34 99 27 82 78 63 53 41 82 63 41 29 93 107 95 32 3 116 76 98 28 6 84 67 112 93 64 51
95 105 56 65 9 91 119 108 1 16 120 44 66 9 17 33 97 92 73 93 79 58 96 106 57 46 71 46 1 37 34 38 26 30 79 35 79 28 82 1 115 31 25 21 90 94 113 53 99 31 71 16 106 29 89 47 94 41 108 105 93 59 24 4 87 116 86 30 113 27 20 5 78 44 28 99 48 14 59 98 99 44 73 52 89 78 24 22 47 60 78 31 50 102 70 114 18 83 43 76
70 93 98 74 49 46 108 66 99 104 117 33 14 43 115 62 0 65 6 40 66 74 2 39 32 14 46 71 112 78 78 112 85 25 64 77 49 44 87 37 24 0 90 44 44 30 71 7 20 54 109 46 6 115 43 49 12 100 68 107 102 104 78 113 46 111 119 74 100 77 51 27 57 66 94 52 47 31 86 39 56 62 109 35 49 59 0 8 39 72 25 51 52 60 64 39 39 62 43 104
9 47 73 51 73 55 24 43 6 19 30 68 90 93 17 40 113 42 68 77 21 111 38 18 10 21 76 83 51 63 77 116 97 56 22 100 18 9 8 95 11 12 117 62 71 12 81 109 66 120 111 85 34 73 1 83 29 66 50 95 36 107 45 6 13 43 81 67 39 19 61 76 60 17 46 62 24 114 36 58 85 23 11 75 61 49 20 18 110 65 17 54 13 15 68 114 99 58 34 32
97 81 1 48 25 31 42 75 56 88 0 9 63 109 102 67 88 34 63 105 26 117 103 50 69 102 20 93 106 34 101 15 25 111 120 66 90 68 110 71 105 79 0 64 87 97 34 47 13 95 47 35 73 67 74 3 72 22 42 0 54 74 60 120 5 33 2 109 111 39 37 116 82 15 50 1 68 22 14 37 57 110 50 12 42 91 81 107 8 1 3 41 110 70 4 54 61 17 91 76
7 103 50 21 73 53 95 86 88 29 11 119 45 61 5 7 79 43 38 66 26 57 40 37 97 46 50 21 31 116 5 33 10 30 40 49 78 105 29 1 2 60 51 99 50 85 92 58 45 118 106 109 119 101 99 106 73 96 33 97 86 94 31 55 34 91 4 46 71 98 58 111 69 82 6 104 56 29 7 18 55 18 75 1 100 69 7 110 103 76 61 53 115 77 99 89 9 73 118 8
69 57 52 110 119 42 23 20 52 91 90 105 90 2 16 8 111 93 3 52 30 87 60 104 23 23 16 118 59 97 1 13 22 72 48 96 80 32 37 28 40 98 82 32 84 16 91 39 100 65 50 1 61 30 16 23 35 105 52 26 3 19 11 52 90 34 88 119 45 23 65 43 11 98 101 37 117 26 112 68 43 34 79 78 24 12 53 18 30 53 22 8 29 41 103 28 17 119 54 117
107 11 62 84 89 92 119 73 116 91 6 96 22 13 65 53 86 32 52 57 24 101 30 76 89 51 106 91 35 27 60 104 74 15 80 36 6 64 1 71 12 39 83 96 81 8 10 29 118 95 107 38 79 14 26 54 30 48 107 30 10 39 106 6 94 30 28 29 26 82 59 5 0 91 16 79 60 100 12 54 74 19 51 73 98 94 71 96 9 39 3 77 43 110 78 109 95 109 113 49
44 8 79 18 71 114 90 118 78 102 21 58 23 64 29 105 116 104 111 105 76 81 2 34 49 17 89 111 111 32 91 93 31 9 77 52 45 17 67 53 82 27 38 102 115 23 97 0 8 31 32 96 7 35 101 48 18 119 106 110 74 101 34 45 116 1 82 69 45 108 41 36 38 118 92 75 107 20 63 102 18 21 6 45 32 112 36 97 106 55 22 110 113 64 49 33 51 84 53 3
55 48 44 16 109 35 89 66 15 5 11 106 108 13 0 17 49 85 24 98 77 80 14 4 5 52 34 108 58 72 82 5 16 11 101 95 65 81 106 46 4 4 9 4 8 100 21 65 86 73 78 23 59 103 49 19 43 109 107 18 70 106 22 7 1 116 119 85 93 7 49 76 75 35 21 66 77 29 75 38 113 81 22 64 35 74 65 80 82 72 7 38 57 115 53 90 99 50 31 21
17 8 18 12 88 24 43 56 118 33 43 66 120 59 71 31 33 104 106 101 12 89 10 92 1 51 62 24 54 82 49 112 102 31 32 35 101 88 77 29 45 77 84 40 117 47 67 18 10 62 119 60 91 39 46 1 17 12 36 56 53 100 17 45 26 63 43 74 25 18 65 14 100 92 48 39 49 61 87 99 27 79 103 79 45 86 110 67 117 6 106 114 25 61 65 38 117 0 83 11
32 95 70 47 16 109 101 39 81 116 28 4 59 66 40 92 58 107 104 57 63 120 91 105 84 9 12 87 117 18 74 114 105 16 76 68 75 67 36 1 73 117 91 18 92 29 47 53 120 113 64 68 63 51 86 110 10 102 65 92 46 6 2 119 83 68 104 40 49 65 29 73 64 6 22 23 51 98 61 64 2 2 104 115 6 52 68 107 112 44 95 93 111 3 110 89 16 87 80 0
112 52 41 39 0 0 44 41 70 70 100 98 37 74 49 91 58 103 44 63 97 54 17 50 27 6 2 56 87 61 28 28 17 100 68 116 62 113 111 4 38 8 115 78 28 81 43 14 61 57 87 30 39 17 23 116 18 84 61 59 35 32 108 53 99 84 71 14 104 97 107 102 110 82 82 82 30 36 76 85 55 7 110 105 83 96 74 40 46 65 112 0 15 113 76 29 119 48 44 45
87 64 6 28 69 1 38 43 19 81 64 11 63 44 84 25 16 3 91 45 33 25 104 113 96 79 96 36 80 28 18 16 61 65 85 19 7 96 12 29 62 9 93 12 100 106 59 76 52 65 51 66 73 61 38 110 16 42 7 28 82 87 66 47 24 79 35 82 53 52 93 99 18 50 26 63 57 42 25 17 43 111 72 9 80 49 59 39 37 25 34 98 93 39 77 99 59 95 78 25
76 89 18 63 119 94 81 85 34 117 68 26 96 41 19 73 50 116 35 18 106 99 48 62 107 108 24 116 37 114 13 100 93 95 53 99 95 70 93 20 16 88 61 32 54 79 30 34 30 7 64 59 119 47 48 7 104 26 16 51 44 99 23 92 82 12 112 72 28 1 23 97 33 84 107 116 32 9 22 66 36 65 2 42 87 27 25 56 88 36 40 76 42 10 101 31 0 70 120 53
41 75 46 87 94 72 34 21 89 49 108 27 81 106 102 101 7 75 41 48 81 68 85 99 37 71 10 43 97 85 8 42 29 106 0 24 53 16 50 110 25 57 85 74 63 120 101 54 23 63 93 47 6 115 25 0 91 65 117 6 116 63 87 42 60 13 78 74 9 39 104 91 120 114 117 77 83 34 22 52 110 49 95 101 82 88 115 63 96 1 42 21 33 4 3 36 37 51 77 44
11 11 47 108 80 100 13 8 92 80 38 48 20 76 107 105 59 70 105 65 3 104 28 115 112 64 101 59 105 23 13 84 101 34 30 11 120 118 52 73 115 42 24 20 44 84 8 16 18 35 95 110 16 84 67 100 29 114 35 90 56 94 77 35 18 99 62 27 62 2 63 24 1 94 94 11 44 3 91 91 54 82 114 80 115 77 5 98 19 1 65 50 11 85 63 21 67 31 113 91
107 79 9 22 4 114 88 20 35 102 22 58 79 118 77 68 21 57 63 114 56 117 107 65 33 57 25 15 30 94 14 100 91 115 13 96 79 95 33 111 16 55 92 99 50 69 51 115 63 102 58 12 110 50 85 47 107 76 27 97 12 41 24 3 117 104 117 61 27 8 103 113 113 67 32 47 113 93 109 28 92 68 65 58 69 83 30 16 61 27 79 101 15 53 33 56 18 11 58 53
66 70 33 73 91 98 17 48 94 59 94 77 102 52 100 47 87 75 89 109 13 4 105 93 38 36 23 56 110 103 58 50 96 35 30 14 12 71 98 101 33 93 114 2 3 120 96 53 103 102 102 33 27 51 6 107 108 15 15 12 7 97 82 51 10 95 99 10 113 43 20 56 36 25 56 54 27 11 42 114 119 71 20 69 37 110 56 2 112 1 119 13 39 78 74 96 8 44 67 114
119 12 72 115 99 119 75 46 45 11 32 100 117 24 25 34 15 22 14 15 17 100 102 6 15 81 17 104 71 114 79 71 70 106 1 92 21 24 110 112 15 74 69 35 65 14 84 49 105 5 57 31 47 14 59 110 23 53 34 6 103 74 74 16 53 69 103 87 61 45 39 51 112 79 88 20 16 72 72 66 90 102 65 103 12 52 107 110 93 65 118 0 61 33 15 71 78 92 3 56
22 99 33 2 79 85 78 7 9 120 104 85 0 104 57 59 99 97 10 0 77 20 120 9 75 76 109 82 50 89 55 85 42 46 79 72 9 24 61 46 51 30 64 111 22 24 70 43 32 109 20 49 83 5 81 39 29 88 84 34 45 87 67 41 24 68 72 59 120 58 0 14 33 77 111 72 27 74 54 86 117 97 12 49 104 85 39 53 74 82 83 107 10 78 117 11 36 51 55 40
0 80 110 65 24 75 69 29 33 27 100 7 43 81 109 44 27 15 47 75 103 105 9 106 118 24 6 65 48 89 95 86 111 49 117 34 69 33 92 89 19 28 98 55 26 42 112 80 66 34 11 84 30 4 4 103 65 27 62 35 54 21 18 114 26 41 43 81 90 83 79 89 80 27 58 83 111 115 36 34 89 99 39 101 9 34 92 55 51 63 56 45 10 65 47 36 83 102 74 50
37 24 33 70 50 7 51 50 64 106 16 94 39 41 68 37 15 77 92 89 111 64 35 6 52 48 109 0 117 27 87 95 99 77 41 8 33 103 74 71 107 83 57 29 61 8 30 87 36 93 75 32 57 34 2 66 9 23 87 84 7 25 60 54 45 95 42 40 54 110 34 24 117 91 114 86 35 96 101 48 32 109 52 23 73 106 44 57 24 4 15 86 87 61 25 14 16 56 91 99
54 74 102 56 108 74 34 96 103 112 60 98 110 62 11 72 52 25 106 105 28 58 95 21 52 89 70 36 32 114 11 80 114 83 109 102 74 92 105 113 53 62 119 72 65 27 21 73 18 100 9 103 80 37 66 61 110 61 44 9 23 10 80 89 77 110 7 39 96 112 12 77 104 10 30 42 21 101 11 10 33 5 17 31 4 33 78 44 4 42 66 76 26 112 118 41 23 19 88 94
54 114 86 73 78 46 94 108 6 107 57 92 85 42 10 116 22 38 7 14 24 93 108 92 78 97 98 41 69 40 82 120 11 34 46 58 40 13 8 118 63 7 10 43 3 52 53 10 68 42 16 91 36 33 110 7 41 29 119 42 72 49 52 77 60 58 56 75 13 120 71 101 77 86 61 26 41 58 51 43 114 73 82 78 14 33 109 68 58 102 111 116 3 79 109 113 62 35 55 53
59 116 88 80 15 11 19 110 36 1 55 83 115 68 115 112 116 55 72 15 95 36 34 69 114 71 18 5 30 106 22 95 24 9 71 8 17 44 40 33 33 114 104 73 93 20 81 48 99 113 111 11 76 15 98 35 96 3 37 81 69 73 25 49 92 98 24 92 68 56 33 116 105 40 88 84 26 96 62 97 103 101 45 77 23 56 77 54 15 95 115 94 10 115 71 81 54 102 76 60
85 114 15 11 106 51 45 70 11 17 49 16 27 8 61 52 118 31 53 27 5 120 118 97 103 69 5 91 80 97 79 22 28 85 95 19 42 31 55 71 107 100 92 8 9 57 36 64 92 86 70 114 64 100 78 119 44 13 56 109 118 48 5 83 108 94 5 3 96 20 26 73 37 93 119 6 114 0 90 75 112 32 64 50 77 56 61 20 71 1 74 105 104 97 29 21 35 113 110 4
101 64 96 63 95 47 75 76 103 39 108 102 91 6 74 89 97 46 27 34 90 6 4 75 21 79 5 57 3 24 27 49 76 44 59 32 62 30 80 17 3 30 92 38 39 94 85 48 6 6 114 101 74 107 43 17 69 0 5 76 4 105 14 86 28 22 86 76 115 120 50 36 62 116 84 110 120 33 25 57 6 85 37 63 12 81 1 93 101 92 49 23 108 115 0 93 29 45 107 39
89 22 99 17 88 9 89 82 58 39 39 103 48 24 2 11 56 97 16 33 31 13 73 48 120 74 18 60 103 120 69 58 80 109 74 88 119 49 13 104 46 75 95 112 12 32 18 56 73 51 120 5 103 59 45 32 32 22 23 69 39 17 66 97 21 100 3 61 6 56 22 95 51 116 72 14 0 28 88 37 29 92 49 104 96 7 39 1 16 59 34 17 59 77 72 13 6 28 55 6
33 0 95 25 33 7 55 20 93 64 26 119 46 51 49 16 15 85 47 48 93 99 57 34 15 9 78 115 109 1 114 109 9 83 22 19 45 48 72 54 116 94 71 44 31 23 88 104 120 48 2 87 20 62 26 114 35 110 45 98 80 62 27 75 104 72 51 38 40 98 111 103 19 102 12 39 24 59 54 74 74 94 86 57 27 118 67 48 96 57 36 31 33 6 115 77 51 16 69 92
7 110 78 61 41 82 96 108 31 16 21 69 106 20 88 33 16 81 108 68 107 100 63 61 107 38 52 40 67 18 50 36 21 91 115 4 42 94 64 1 86 1 102 11 2 21 29 85 115 41 112 32 20 1 23 12 33 117 21 94 71 19 51 30 98 84 112 97 28 114 27 10 16 79 23 102 59 38 57 23 32 116 11 25 72 50 116 67 112 28 12 46 115 1 56 19 92 111 92 41
69 41 80 2 56 103 9 18 88 14 55 42 46 65 82 30 36 60 71 98 6 85 7 76 82 91 79 61 17 120 16 98 120 108 47 18 95 57 70 5 120 117 54 41 9 108 96 93 95 69 104 72 66 16 59 66 98 120 29 35 116 57 78 73 87 110 44 48 57 54 103 98 53 1 76 35 54 109 107 119 89 36 114 72 62 116 63 72 51 16 10 112 90 88 79 97 77 5 2 110
49 103 21 11 106 9 5 108 73 96 82 107 103 39 87 77 20 57 32 49 80 117 35 18 52 40 43 73 4 1 52 93 115 54 50 41 16 48 69 82 10 20 12 30 19 90 25 86 5 82 3 71 115 114 49 58 85 31 26 90 8 78 57 13 25 77 77 19 110 12 14 70 67 78 58 53 118 113 36 14 85 15 83 41 120 39 111 16 68 72 43 59 88 41 17 114 85 117 116 46
79 37 92 74 86 18 48 43 28 66 53 32 39 72 3 50 11 53 68 66 85 103 37 108 54 81 92 18 111 7 9 92 110 82 54 27 38 68 61 30 93 60 24 66 0 69 42 8 98 22 106 65 44 118 95 91 120 59 83 14 21 119 116 46 114 107 54 34 51 22 75 38 79 21 99 12 16 106 66 26 91 6 72 76 19 102 27 5 25 28 31 108 52 0 71 72 104 97 114 43
103 5 47 29 34 22 87 52 113 114 76 32 21 30 55 18 114 91 78 108 76 68 106 20 94 103 37 60 11 84 87 71 99 41 71 15 37 52 100 111 98 42 78 101 76 111 113 91 84 104 61 91 117 63 32 91 67 30 21 24 117 60 110 80 28 73 9 21 19 4 11 17 42 95 99 73 98 53 36 101 33 57 112 110 109 70 84 2 37 119 108 28 7 37 68 19 107 80 111 42
39 56 105 110 52 68 18 8 66 42 99 92 42 8 40 66 38 68 21 37 26 37 75 90 4 56 101 76 90 89 10 13 86 60 15 70 51 84 61 22 15 88 0 38 33 116 34 10 107 71 106 6 106 114 115 112 113 102 63 83 59 115 89 85 101 99 91 26 53 0 86 62 62 32 28 9 117 84 84 58 59 90 101 10 99 92 24 100 21 4 59 6 80 74 66 74 4 50 15 30
55 12 5 30 99 57 101 29 5 90 57 83 118 114 119 78 103 63 11 19 107 24 49 65 10 16 1 19 26 63 73 32 40 58 1 10 51 50 62 5 34 113 68 98 18 84 109 84 97 6 102 42 30 96 49 35 3 16 117 64 96 103 66 78 69 60 37 94 22 74 66 45 110 26 75 12 82 80 19 79 12 75 111 22 105 12 56 90 113 86 94 82 103 26 43 20 83 59 37 116
114 33 93 64 45 60 43 5 107 43 94 60 107 32 53 70 51 51 43 21 59 79 31 64 118 74 47 100 98 57 53 6 23 1 82 76 5 2 85 77 62 30 116 103 78 107 98 31 103 30 7 15 20 62 94 18 94 22 83 44 34 117 58 48 49 15 61 24 15 9 71 23 16 17 46 65 73 50 43 8 82 106 114 91 0 54 112 3 8 104 83 16 116 46 64 21 77 89 11 53
5 50 113 116 47 55 52 53 49 27 75 47 113 117 36 46 69 6 55 38 51 24 17 102 107 115 91 16 91 99 55 104 56 32 42 61 11 80 9 114 105 65 76 11 52 101 74 21 63 35 40 105 32 102 103 7 29 89 3 40 117 87 89 95 29 116 119 18 119 101 103 52 55 39 6 58 107 69 30 99 35 64 38 10 39 117 64 85 102 30 9 102 67 117 51 6 93 51 6 55
71 77 39 115 91 8 101 5 28 83 80 18 58 94 10 52 55 71 80 61 48 106 52 11 116 81 99 13 84 78 108 50 51 88 119 43 68 53 52 71 111 82 62 37 13 54 111 66 55 7 23 36 102 42 34 95 94 80 38 44 50 72 47 29 48 20 75 39 108 119 1 58 11 87 84 64 81 25 89 94 50 35 33 20 102 24 73 8 23 110 22 52 19 56 69 49 65 69 73 27
96 114 22 19 89 10 82 101 35 45 0 42 101 108 44 113 23 111 2 104 93 76 92 37 4 55 5 109 46 14 32 11 61 43 40 21 108 78 43 102 9 20 5 14 97 120 13 83 64 15 21 71 35 35 95 2 37 2 46 69 51 68 13 108 63 62 27 50 117 18 26 116 16 64 71 45 14 5 65 48 90 13 26 60 107 3 24 18 107 23 117 117 46 8 7 24 22 75 116 39
15 118 103 46 8 11 8 106 120 97 48 48 113 17 85 79 65 106 61 62 91 1 88 64 89 26 116 24 41 120 82 113 41 102 106 12 5 111 16 3 111 111 82 92 93 67 98 7 62 21 32 13 111 100 26 65 10 28 116 98 10 31 9 44 9 5 67 54 56 54 111 97 115 81 87 3 12 60 55 50 84 117 119 55 26 59 97 96 51 77 54 104 16 3 86 27 111 113 44 50
83 63 2 95 65 116 43 86 23 106 106 45 119 13 39 120 83 23 16 9 31 107 43 57 114 20 36 89 29 27 97 14 17 66 84 23 103 53 2 57 85 74 65 78 104 54 105 79 119 119 25 101 102 89 45 106 47 0 115 56 61 98 20 4 51 111 49 58 49 57 108 3 74 79 81 82 44 46 34 31 58 40 13 70 46 68 57 89 9 89 3 50 63 120 91 32 15 76 90 11
83 26 88 75 27 22 37 111 77 90 34 15 9 61 25 2 34 68 42 14 29 102 92 33 38 75 29 9 71 13 81 9 8 34 64 62 87 109 54 92 1 1 19 17 79 10 2 38 114 69 83 106 81 95 87 15 63 83 40 45 24 81 34 60 0 105 76 83 12 98 42 20 65 96 28 38 114 58 90 17 120 17 85 4 9 74 22 21 19 83 72 106 74 66 71 62 78 17 40 86
74 4 15 90 100 82 37 70 52 54 47 91 114 74 41 2 22 110 63 115 10 93 75 112 113 113 61 24 74 78 12 92 91 1 68 33 97 119 73 74 0 55 4 27 10 119 119 43 106 120 97 93 67 69 23 39 2 6 44 118 65 29 17 61 72 72 56 40 72 36 9 76 61 100 92 21 61 38 95 32 89 11 19 21 22 79 94 81 81 6 5 5 19 76 69 55 113 5 45 53
91 37 83 120 19 61 13 114 34 19 24 20 64 60 0 106 97 9 25 45 120 48 40 46 93 34 120 17 90 12 78 35 44 4 10 60 56 71 10 2 30 5 108 50 18 29 86 24 37 118 38 55 65 84 64 11 46 87 94 57 63 6 30 26 60 2 4 44 111 59 70 38 95 19 118 104 53 104 7 1 103 61 73 33 106 89 77 38 46 63 115 67 17 101 100 47 71 105 40 56
118 103 76 2 103 90 27 72 52 78 39 33 103 116 26 109 66 60 56 93 21 31 31 69 50 15 37 53 30 79 44 84 43 54 23 9 60 29 13 40 52 19 34 70 94 35 49 98 59 36 33 69 86 10 70 55 62 7 105 29 73 111 29 110 120 52 6 71 117 90 103 17 20 78 44 102 73 28 68 41 8 33 8 23 26 23 36 99 10 4 87 93 6 109 50 33 87 21 100 83
37 10 27 27 49 91 98 46 58 64 47 58 97 90 9 39 57 51 18 63 44 30 62 17 96 70 98 73 73 116 103 27 46 29 87 110 57 49 15 96 20 97 73 55 116 55 27 27 47 36 65 75 3 7 102 89 70 40 77 0 111 55 31 48 58 106 106 44 71 24 1 63 54 67 36 110 117 12 36 92 85 31 30 84 104 119 29 86 107 16 116 7 106 63 82 54 44 117 56 44
80 33 14 103 27 100 32 104 14 120 13 58 14 85 9 73 18 55 87 64 16 113 69 86 16 8 66 68 109 34 77 32 52 13 33 104 13 112 77 58 41 88 45 5 100 77 2 20 3 39 30 14 13 10 105 93 20 104 92 23 32 71 104 83 38 41 66 41 3 74 39 31 71 31 32 107 113 19 80 53 61 105 61 83 103 38 38 66 89 73 110 104 42 10 21 33 67 0 5 58
43 89 1 97 55 77 31 65 67 18 40 49 15 101 9 26 56 66 4 41 8 57 69 111 19 64 0 80 63 65 74 48 102 48 71 88 118 71 69 106 63 83 42 61 61 5 54 44 26 56 21 53 110 4 14 25 59 88 78 61 20 44 32 6 20 85 64 80 40 109 112 39 12 46 23 93 120 21 14 41 27 35 26 58 93 51 104 29 5 93 64 88 36 34 54 120 111 42 15 74
24 9 48 34 83 46 13 29 48 57 58 117 108 110 114 55 72 23 84 85 77 97 69 63 96 90 16 16 70 21 72 26 53 36 38 95 57 3 99 14 114 81 70 46 79 42 21 60 82 44 111 80 79 71 111 17 23 116 10 18 105 17 91 37 88 51 113 14 102 98 48 70 113 111 14 60 30 63 117 44 108 36 111 21 23 63 76 35 51 82 42 33 54 30 107 62 16 74 82 64
11 88 15 20 66 109 29 36 79 5 81 10 113 59 118 74 105 100 102 120 29 1 35 17 62 5 42 72 44 71 105 49 91 54 120 108 74 111 119 113 9 26 60 14 89 32 90 69 106 95 67 106 64 74 75 1 24 106 117 98 100 116 0 70 115 116 31 75 9 17 88 83 42 67 72 117 63 60 78 46 31 79 119 58 89 91 82 81 22 117 66 22 36 42 12 105 97 94 38 94
78 14 74 90 83 120 89 11 100 10 119 80 42 12 119 1 105 107 66 27 28 69 44 57 93 89 31 98 86 66 104 95 112 48 13 50 91 78 25 34 112 89 1 55 28 39 29 57 25 68 55 48 82 2 38 20 34 48 39 42 43 58 45 117 91 99 13 25 54 91 90 90 63 109 14 2 79 41 6 84 90 107 55 6 72 26 62 82 90 101 82 90 77 120 23 21 107 118 103 106
4 74 99 108 115 92 10 92 46 64 30 110 113 78 39 71 7 64 55 61 87 61 92 73 101 119 42 95 32 20 86 10 2 104 81 72 94 87 82 44 59 55 74 82 86 33 30 105 56 46 18 40 40 3 52 77 13 24 8 63 4 76 14 69 13 15 68 35 91 95 55 69 70 105 32 16 60 95 71 43 21 20 79 28 30 38 59 18 1 12 64 10 98 21 6 104 50 65 30 78
67 76 55 60 7 15 23 30 34 12 84 97 114 47 120 55 9 13 105 67 107 104 49 59 86 117 115 23 57 119 90 109 51 4 112 71 97 41 58 47 35 12 10 113 20 70 49 12 36 116 59 19 73 62 38 106 84 109 55 5 110 60 19 84 114 99 24 10 56 102 29 10 20 70 84 47 22 58 46 35 91 112 55 35 82 37 2 41 76 118 98 30 85 104 74 65 87 91 13 94
17 78 108 43 52 113 40 67 60 113 48 1 65 99 92 73 97 61 34 112 57 110 54 40 69 101 112 64 55 78 76 2 79 106 29 100 9 42 9 40 65 120 8 112 86 12 34 11 28 93 104 10 52 27 39 18 25 83 43 108 25 77 23 31 107 72 104 78 11 98 119 112 46 19 109 109 52 2 10 22 64 19 94 61 110 42 117 116 8 97 20 112 94 11 5 1 16 116 61 119
75 115 55 62 56 25 63 78 54 99 114 115 78 81 1 66 100 10 102 65 53 116 4 64 31 16 26 113 60 116 59 93 69 112 94 4 18 83 10 120 34 20 118 95 107 62 19 71 82 88 29 34 31 91 85 13 97 104 88 21 68 103 89 55 109 111 3 89 65 97 89 59 102 31 76 2 53 103 16 113 46 36 111 14 22 47 58 51 6 30 91 0 31 82 67 8 117 98 119 100
75 92 48 36 30 20 27 37 58 71 30 55 48 98 111 114 47 96 13 17 14 52 56 102 119 108 115 66 78 50 57 72 72 33 106 29 76 27 95 33 17 6 37 113 27 32 37 37 59 63 84 8 114 34 4 27 77 84 4 115 85 50 13 62 24 39 117 95 89 19 29 38 2 85 44 70 40 93 35 70 30 101 73 76 95 105 29 76 75 82 61 30 3 18 60 28 72 56 42 118
71 82 12 90 110 116 109 109 104 60 84 41 46 28 47 117 42 35 101 89 70 110 12 20 73 90 73 119 35 67 73 116 102 44 97 89 88 15 102 111 35 4 68 42 20 27 28 66 117 6 89 107 117 22 6 106 42 66 112 23 86 90 67 49 50 72 5 97 30 37 58 114 81 40 86 80 55 105 34 20 40 103 42 80 52 7 120 75 64 20 29 82 7 63 5 96 119 117 7 109
52 113 118 120 12 117 19 93 82 107 110 23 13 29 35 18 20 40 44 109 5 8 37 98 65 112 118 80 24 71 78 115 69 75 23 94 47 22 79 100 11 118 9 43 39 41 14 33 72 33 32 119 25 55 93 56 12 8 23 9 22 29 116 67 73 115 107 111 45 113 69 95 52 31 7 107 59 81 112 108 14 105 7 20 65 70 117 38 93 67 44 38 37 107 51 108 62 40 96 21
34 34 0 50 29 117 79 4 10 95 30 65 90 28 93 40 52 78 57 46 37 37 22 61 13 48 119 119 26 47 92 42 1 34 119 46 29 16 40 30 118 38 106 16 17 82 72 90 90 72 32 62 14 48 90 83 115 77 89 17 25 71 114 96 32 98 45 81 83 70 44 26 13 88 102 25 46 32 11 25 19 69 23 85 4 46 62 87 6 31 40 83 90 98 110 12 20 4 64 86
109 77 75 92 18 19 12 17 84 94 81 58 103 56 63 5 44 52 90 76 29 84 106 14 84 26 119 27 75 37 96 116 73 91 62 116 4 58 2 112 38 91 105 31 75 47 38 99 94 117 111 24 8 48 76 32 111 79 3 34 112 5 29 95 14 53 47 49 14 64 37 95 110 50 3 60 4 56 89 21 73 111 103 5 30 29 75 18 55 80 99 87 6 21 23 107 20 46 22 39
91 56 31 102 10 53 30 23 19 9 104 98 50 52 41 69 82 119 52 59 58 29 108 83 95 76 19 103 106 92 109 92 106 95 35 109 62 97 42 108 1 113 17 115 17 85 42 54 63 87 95 32 87 118 41 37 38 24 11 42 76 88 22 34 109 108 5 23 75 119 82 97 46 57 74 73 98 41 3 60 108 58 58 62 23 94 62 15 104 84 61 97 49 26 116 46 61 70 93 54
65 110 84 94 95 17 46 2 19 8 53 56 109 108 41 26 104 90 3 91 3 111 63 8 31 120 60 84 37 101 39 85 110 29 97 9 18 41 24 7 100 69 46 53 69 119 75 101 65 47 48 59 26 21 46 40 50 92 41 30 40 120 18 38 48 47 88 32 9 2 80 93 86 52 103 58 85 33 120 75 32 81 79 53 68 34 119 67 109 9 108 36 32 120 89 14 95 48 4 9
37 19 60 36 91 93 99 83 48 74 47 20 28 82 16 100 102 79 112 80 115 25 51 99 21 115 64 116 95 112 5 26 58 11 83 75 33 32 6 68 42 45 19 44 2 118 76 107 44 108 116 68 69 4 7 3 14 9 66 15 49 100 95 9 84 103 105 24 13 41 8 29 83 10 76 5 81 23 84 52 105 109 12 29 35 34 17 108 10 22 59 62 88 46 56 11 1 120 40 109
74 26 19 14 120 40 2 23 37 8 101 35 20 52 118 68 60 80 2 67 64 95 58 41 119 45 62 68 35 56 56 52 18 7 58 28 5 43 63 19 7 91 80 65 62 44 68 8 32 82 16 93 53 36 46 71 16 54 93 119 45 21 53 58 101 59 49 85 94 11 68 38 90 47 1 93 40 90 82 14 6 81 113 116 12 114 97 87 42 62 85 39 80 61 84 4 22 42 102 104
56 57 83 21 93 117 94 37 16 39 104 12 86 79 108 10 50 29 54 39 20 11 17 107 53 113 71 91 91 9 57 88 29 106 110 46 54 110 102 91 77 36 59 63 1 43 27 100 88 20 113 101 61 5 51 110 100 57 81 36 40 19 31 96 102 84 78 76 67 48 29 96 85 83 39 70 85 51 99 75 82 116 53 26 38 20 89 110 20 65 45 105 86 69 59 114 116 89 115 110
14 60 51 1 45 91 48 115 70 96 11 111 31 15 48 82 64 45 64 51 88 3 24 60 16 98 7 38 25 96 6 2 116 86 0 58 0 76 1 2 8 60 16 44 37 63 2 39 69 106 25 10 79 63 64 77 12 98 56 61 18 26 75 114 84 47 116 22 44 22 86 60 54 115 59 113 63 60 3 103 66 28 34 4 96 94 57 103 116 16 58 34 20 31 16 90 19 91 2 72
105 78 57 28 62 115 16 56 8 105 82 76 54 62 116 48 88 7 75 17 78 14 56 70 81 113 16 89 4 34 37 0 79 89 70 72 80 37 68 118 91 79 37 95 15 82 45 105 44 5 111 25 97 18 30 7 104 120 94 11 52 100 65 52 74 115 10 108 73 39 102 39 68 62 77 76 5 13 8 9 12 17 21 10 32 14 90 86 93 7 5 53 76 30 93 23 56 71 69 26
23 52 17 71 8 64 113 46 98 109 70 82 37 10 26 56 42 47 2 9 32 85 73 87 17 29 112 33 53 12 4 69 18 82 37 11 56 42 72 90 39 45 60 1 48 45 51 48 20 3 7 83 72 85 90 34 63 109 49 50 66 67 97 96 60 18 80 61 5 63 2 104 80 115 111 116 95 114 42 43 71 95 23 41 113 91 22 63 118 53 103 116 12 77 40 8 91 47 18 59
85 2 105 25 62 16 102 100 49 107 19 119 96 85 27 55 14 13 32 15 117 109 30 88 100 18 49 86 103 117 6 107 40 64 108 23 96 32 80 99 120 99 88 48 45 113 107 21 108 89 9 8 41 23 71 20 4 79 30 7 39 109 45 36 12 84 17 73 94 23 4 87 99 111 81 100 8 35 65 119 102 60 34 103 42 109 38 118 4 31 76 66 13 13 107 96 29 75 61 47
19 115 77 75 96 31 72 50 48 61 118 22 37 13 20 87 41 90 21 106 52 10 76 11 104 39 102 74 48 17 52 75 101 87 56 46 56 0 46 39 116 76 80 64 62 20 117 44 23 35 99 93 41 53 35 87 10 71 30 90 22 28 39 30 71 117 50 90 117 114 110 3 56 60 14 22 106 6 43 119 47 21 0 67 60 5 68 18 99 70 98 94 17 41 70 2 106 49 92 34
25 114 32 65 94 58 116 51 33 62 38 98 14 116 111 89 0 3 19 19 80 112 104 30 79 91 54 47 25 3 91 95 37 31 112 116 51 75 83 27 7 42 17 10 36 43 63 47 117 71 7 99 37 49 25 67 93 1 77 84 9 114 35 16 80 19 79 60 18 86 104 113 17 95 16 74 45 117 91 37 96 35 77 33 72 97 28 24 14 74 3 95 4 66 109 73 53 99 4 14
118 96 38 114 22 47 18 50 38 104 29 37 78 96 88 8 88 74 28 96 12 94 52 112 27 116 111 14 45 3 33 87 62 73 62 74 19 61 89 64 110 88 62 20 4 28 53 36 61 56 76 57 80 80 111 54 96 75 99 67 9 18 90 54 48 12 117 89 15 11 34 46 73 93 77 66 44 52 106 34 0 70 54 101 44 98 86 45 104 92 101 101 117 67 53 89 32 119 67 18
37 73 2 0 15 80 24 39 26 115 15 54 42 111 18 105 39 11 49 32 64 61 76 6 88 26 97 64 111 34 98 4 9 57 111 44 117 73 26 45 86 44 79 1 31 22 112 75 19 35 16 34 73 1 11 92 116 109 100 101 9 41 118 1 12 38 6 86 27 113 16 119 104 13 68 85 42 78 72 69 79 103 4 105 75 91 39 96 4 67 42 4 1 1 67 58 95 105 15 109
48 1 1 15 63 14 11 105 116 25 118 90 32 38 2 17 67 76 77 39 7 83 23 63 98 29 93 102 28 118 96 80 7 4 75 37 105 31 45 60 73 11 77 89 11 26 26 107 99 18 106 107 23 62 103 11 109 41 18 12 40 41 38 111 94 50 87 23 57 56 70 113 29 37 111 30 76 31 40 87 36 18 32 9 23 66 21 85 48 16 115 49 73 58 10 87 113 64 21 34
4 107 40 69 51 10 42 113 37 56 111 38 3 71 83 61 68 76 16 69 27 37 56 87 45 94 103 39 83 100 60 1 114 41 63 54 24 1 112 48 16 11 103 115 16 3 63 120 58 87 72 55 92 6 109 111 86 106 9 69 82 92 18 40 78 3 113 109 11 54 41 79 70 67 80 120 45 67 13 57 22 106 114 47 90 66 81 88 31 14 98 110 30 15 37 62 80 32 86 71
85 11 74 105 69 102 51 10 8 91 104 114 112 76 72 22 93 120 82 46 82 72 58 63 49 84 62 57 78 65 98 17 66 110 61 80 70 52 0 102 87 119 90 68 41 98 116 81 24 47 2 99 27 92 27 9 116 92 42 30 51 41 57 16 73 20 106 44 12 91 18 45 112 38 76 91 112 81 63 44 60 38 78 30 82 100 115 87 72 32 109 4 49 114 11 42 100 77 116 64
68 53 32 73 68 116 115 27 49 103 92 118 51 69 82 102 34 11 66 7 0 72 99 83 104 59 100 30 53 38 51 66 62 9 82 97 15 102 25 63 15 116 39 101 115 32 110 81 85 99 79 0 44 37 77 62 117 35 29 48 4 3 14 106 65 82 39 85 37 106 69 11 27 45 45 117 74 55 51 41 119 45 117 47 95 98 54 24 64 20 65 73 3 103 45 69 64 16 12 59
74 72 29 72 33 54 109 105 77 85 26 11 25 112 43 32 106 105 6 3 111 38 113 20 117 81 52 65 59 60 78 51 44 41 113 43 36 93 25 31 61 23 76 5 113 92 68 38 24 80 11 88 45 18 10 75 103 19 85 86 55 76 55 108 112 83 46 29 81 8 64 120 14 112 6 0 94 79 79 79 5 95 80 48 69 61 44 109 9 100 60 43 48 63 53 32 14 105 98 39
81 59 22 49 40 37 96 23 15 91 54 17 114 79 26 20 17 56 17 38 14 2 68 31 49 71 19 109 12 30 7 82 7 24 91 64 97 97 95 83 55 70 35 14 109 1 4 63 114 72 54 46 0 62 114 22 40 2 53 42 41 58 12 79 22 93 17 56 110 91 57 28 45 41 40 96 70 112 113 37 21 119 4 5 6 51 114 84 67 102 40 31 119 92 98 21 29 33 98 119
91 16 94 93 16 22 74 56 62 118 89 80 20 107 61 18 20 82 64 13 65 11 81 25 74 102 58 32 71 63 72 88 58 83 63 9 7 104 11 91 60 53 69 62 108 56 6 111 33 11 36 31 9 41 89 56 74 82 15 85 0 54 41 98 77 105 16 72 74 28 93 13 44 64 18 20 15 95 40 88 87 4 96 28 97 60 92 82 0 89 88 73 60 110 48 106 3 44 23 97
67 53 82 4 119 23 110 62 41 42 6 3 49 106 67 63 31 38 50 74 26 94 3 78 91 76 49 91 98 7 109 48 99 100 85 114 7 102 96 26 45 0 115 104 106 30 0 88 51 94 100 39 107 35 88 22 33 65 88 57 0 17 89 63 76 88 26 20 30 102 7 119 21 64 106 54 77 76 35 92 105 57 28 34 52 11 43 97 78 58 110 31 50 77 109 9 119 33 109 2
74 87 22 23 27 67 94 57 31 1 13 75 74 114 80 8 51 30 85 49 42 95 68 25 107 45 8 64 37 109 99 79 120 55 10 95 39 23 91 53 72 80 107 114 46 44 87 38 98 7 23 120 55 27 2 34 6 90 62 38 118 45 112 83 78 72 96 76 16 25 47 97 71 61 97 55 20 36 117 95 3 44 0 12 10 92 27 86 34 0 111 42 109 70 92 12 57 94 41 23
103 71 84 40 21 98 104 56 86 14 60 55 18 80 88 31 31 52 1 35 71 8 53 85 108 32 116 23 117 6 31 101 34 53 75 19 111 26 11 49 112 97 10 20 8 24 62 60 46 101 113 30 1 86 8 49 10 115 83 113 70 101 96 82 56 118 71 47 17 76 56 96 83 8 89 0 43 78 35 14 112 73 105 90 15 60 88 63 56 102 101 60 27 48 0 70 62 34 13 119
33 68 46 13 70 20 50 105 97 44 52 87 14 107 14 108 113 25 0 27 86 20 7 43 115 65 8 78 36 42 107 103 23 78 68 94 41 23 58 12 107 64 60 80 76 115 51 59 87 48 79 71 110 75 94 32 85 85 2 108 48 94 27 70 111 14 50 52 10 68 48 20 9 60 26 48 103 97 28 70 3 14 51 44 96 84 90 12 10 31 41 114 64 40 24 47 102 91 103 107
104 44 62 27 110 60 86 114 113 35 66 115 111 11 71 29 22 108 98 30 95 44 90 63 119 64 68 103 91 93 9 104 114 26 106 9 89 23 21 98 67 120 13 36 106 41 0 44 51 82 24 4 79 99 52 83 80 98 48 19 85 27 10 76 68 50 10 66 75 15 11 49 39 75 26 32 108 2 75 18 107 68 86 111 111 98 27 84 91 7 110 76 27 108 46 3 105 72 35 107
56 36 36 30 90 64 85 41 31 87 55 86 36 68 49 82 98 72 50 70 64 66 93 25 93 80 76 1 51 19 6 25 32 64 100 71 35 93 24 15 104 62 23 9 94 43 41 115 115 56 79 97 74 88 7 25 39 82 85 59 95 111 35 42 98 32 106 11 10 88 9 42 72 5 102 112 55 105 119 118 92 65 112 59 64 74 120 29 101 71 31 66 42 87 69 106 20 72 113 44
27 72 21 29 15 90 110 98 52 76 38 5 23 97 113 51 71 89 13 102 19 31 6 112 26 33 24 94 117 26 62 99 22 7 41 85 113 10 49 106 40 45 44 69 45 84 86 27 117 15 9 18 81 77 99 111 58 43 33 36 60 84 117 39 41 67 103 101 49 85 104 95 83 88 49 71 15 105 113 28 72 8 29 45 33 17 1 91 89 35 17 88 30 52 18 5 53 21 106 115
30 106 69 61 91 51 103 91 14 44 117 81 80 74 14 16 69 120 86 71 80 85 100 100 41 27 54 75 29 34 44 116 40 12 55 87 41 53 18 82 77 59 84 53 120 0 114 116 27 101 87 61 20 54 115 33 93 86 23 84 4 67 103 12 65 11 34 39 68 59 119 70 5 28 49 56 100 109 34 40 13 99 82 85 43 62 108 44 77 91 14 102 109 38 105 96 12 75 62 64
26 25 20 18 6 6 120 24 67 94 49 105 77 5 81 112 15 72 88 104 106 98 93 44 84 100 52 78 77 27 19 38 2 85 82 2 22 68 111 17 26 59 116 37 72 106 21 106 105 120 96 37 46 27 108 120 60 99 10 8 109 46 63 10 9 65 43 117 68 104 100 61 89 117 119 99 6 20 76 91 105 37 29 86 94 87 20 57 105 59 70 86 2 56 57 19 68 15 100 116
117 18 46 21 28 116 41 86 27 26 116 83 35 9 109 19 51 62 26 43 58 11 98 63 95 24 32 1 37 117 2 79 19 58 89 64 106 72 50 59 76 16 18 34 118 66 41 93 98 51 41 85 31 119 13 108 1 82 99 98 34 59 86 37 91 0 108 40 12 65 64 62 24 111 10 51 102 28 71 61 62 40 37 69 106 7 21 57 97 4 81 23 9 100 8 115 19 67 10 61
3 20 50 15 26 23 51 17 84 71 56 1 59 26 111 43 18 116 89 109 58 72 15 119 8 30 40 56 49 60 107 90 3 107 115 59 110 28 42 93 37 119 26 102 8 73 14 116 20 58 27 42 42 1 67 11 26 78 11 24 5 94 44 113 37 37 60 29 72 71 26 101 11 84 9 78 102 5 33 10 111 81 39 99 84 102 88 10 115 25 116 55 119 18 44 48 42 77 64 9
11 118 52 64 49 58 37 58 105 63 33 56 88 3 0 3 80 12 21 24 77 0 66 94 32 115 116 116 41 111 0 52 53 36 70 87 66 4 103 113 105 3 32 76 28 41 67 18 56 54 64 11 112 114 40 39 96 1 106 87 95 47 23 99 19 107 2 65 3 96 102 33 104 23 69 111 17 70 12 46 12 108 97 5 48 29 11 111 4 92 38 94 88 105 58 92 31 85 26 54
42 111 100 102 4 22 23 32 95 22 93 79 88 73 19 20 85 13 15 41 60 92 107 0 34 77 88 28 18 55 100 87 1 23 26 84 96 57 70 73 118 95 20 110 120 103 13 25 67 53 76 47 33 32 9 77 25 26 94 107 15 63 29 39 103 103 105 89 63 76 43 50 103 58 46 77 95 73 55 114 38 39 119 114 6 29 27 34 111 65 2 112 67 88 98 51 19 48 15 106
84 54 60 61 112 44 17 55 34 45 52 119 10 67 53 96 35 0 79 92 66 85 31 83 98 96 87 37 3 12 20 39 28 43 69 70 81 24 15 14 36 47 11 64 100 65 47 49 99 44 72 100 42 115 34 70 25 57 53 31 91 17 104 42 6 87 43 21 109 87 87 7 81 90 106 117 99 21 0 14 8 101 108 5 51 96 93 107 110 106 35 95 97 100 102 27 101 42 80 104
73 78 34 63 100 45 15 49 76 87 89 98 63 60 41 83 25 46 110 113 24 14 16 46 5 51 44 52 112 84 55 82 37 2 108 12 51 37 110 13 97 66 59 10 81 9 56 100 109 52 37 29 29 110 105 60 48 62 65 106 87 72 26 54 31 107 101 118 62 9 84 77 38 60 62 40 53 18 56 68 87 90 97 11 106 40 113 104 107 11 34 72 61 111 111 79 25 45 50 7
78 28 32 67 113 61 83 16 87 78 24 76 48 98 78 45 74 117 85 62 37 16 48 76 70 47 12 13 92 113 109 41 20 118 11 9 32 22 91 79 76 115 37 45 29 86 98 50 30 22 69 96 0 72 10 0 115 58 94 71 98 87 70 79 108 117 33 43 15 10 44 120 44 49 22 16 13 14 113 102 36 48 90 51 98 99 45 20 22 92 83 4 47 92 92 102 86 93 17 102
37 22 56 2 37 16 41 109 102 99 115 91 50 28 86 88 44 86 29 6 86 106 22 54 47 96 67 79 17 47 92 52 11 115 21 69 2 1 55 97 3 100 106 96 90 51 25 6 103 25 88 57 111 33 119 50 96 96 12 69 3 105 120 100 54 105 67 65 85 26 73 4 67 98 43 105 116 101 115 86 55 69 31 105 102 18 107 80 37 95 108 23 28 34 17 39 17 48 57 111
48 87 33 73 7 83 84 30 2 96 76 18 17 56 86 83 11 26 25 2 0 80 83 51 65 45 29 97 18 100 91 76 62 87 15 33 53 72 12 69 40 80 76 29 12 40 107 89 105 69 62 108 70 47 101 2 7 106 2 42 101 74 28 82 94 95 38 56 82 104 79 104 15 75 51 59 22 31 22 44 27 73 2 21 32 30 103 105 112 45 91 20 11 12 49 110 4 39 78 112
58 76 102 25 34 24 0 43 24 39 91 31 100 103 32 58 43 54 44 67 77 25 90 41 31 100 62 27 15 101 86 73 82 69 38 36 84 30 0 100 76 74 41 81 55 51 61 107 119 18 27 118 11 79 84 54 3 63 42 7 6 6 116 12 33 104 27 56 114 118 85 45 53 90 98 115 6 29 5 21 47 73 44 28 65 104 33 112 5 109 30 83 5 71 104 52 51 118 60 81
22 113 119 93 25 13 79 30 62 0 67 82 97 86 90 10 56 109 64 40 16 3 106 66 42 47 84 83 75 100 47 57 62 97 99 5 46 95 75 9 4 24 7 116 15 22 69 4 79 16 72 19 98 65 114 12 117 46 89 8 103 2 12 17 20 118 51 7 6 89 25 102 38 21 3 79 54 102 51 101 38 71 74 108 33 27 50 55 9 90 104 34 0 38 52 90 76 118 60 62
75 61 15 106 60 53 87 15 77 14 8 42 20 21 81 101 64 28 56 99 46 67 40 38 85 45 68 56 81 106 93 61 33 7 2 90 40 7 60 115 37 116 44 109 109 100 75 13 116 61 103 80 90 96 57 52 85 94 116 1 41 109 11 29 118 51 89 70 77 81 23 68 83 115 95 54 16 47 64 86 50 24 110 15 95 11 78 18 91 71 95 48 29 10 48 15 71 1 76 103
83 33 12 40 27 92 3 80 3 10 35 63 8 110 72 4 24 49 31 10 59 60 89 1 4 115 85 72 23 86 61 23 12 83 104 21 70 117 1 81 37 79 100 113 106 59 36 16 72 19 110 88 18 64 102 111 69 89 113 27 60 103 79 119 3 22 9 15 22 9 118 117 109 82 25 89 11 46 11 5 51 53 106 120 95 29 51 98 113 73 76 15 3 69 89 50 10 12 107 82
100 120
36 35 23 98 71 19 92 7 55 33 76 28 70 50 83 10 7 9 77 76 45 21 85 99 14 24 4 46 16 91 55 94 93 77 83 3 73 32 42 97 75 87 73 94 15 16 68 53 43 85 88 21 22 93 29 35 72 36 68 16 15 31 49 29 98 83 72 92 90 75 72 0 36 51 30 72 47 86 50 71 63 15 90 95 51 52 92 8 91 48 31 69 98 38 16 45 78 50 54 78 3 68 4 49 26 5 89 50 80 71 17 84 25 17 4 32 99 34 61 49
72 74 66 67 83 78 14 40 33 94 0 61 66 45 40 69 84 19 55 62 39 41 68 20 62 72 71 81 77 37 42 26 31 92 2 50 67 63 4 41 6 31 64 78 90 4 30 65 92 27 20 6 87 75 21 92 39 16 76 50 7 88 18 66 16 51 93 98 4 88 100 43 2 64 75 53 57 50 50 48 68 29 54 93 67 24 96 77 62 43 9 44 14 66 84 69 97 41 91 97 99 26 45 59 49 38 78 97 25 18 44 62 64 3 35 42 24 81 49 38
48 82 58 48 80 4 89 75 97 31 97 88 22 80 35 66 89 95 2 29 63 88 19 9 19 81 0 71 58 93 46 56 9 15 27 38 38 44 26 97 70 87 14 55 73 96 52 13 52 96 72 17 78 35 5 33 97 22 77 66 93 77 11 56 96 88 74 11 30 83 33 54 45 35 68 8 19 15 90 41 55 49 58 47 69 100 43 1 30 27 5 40 25 52 79 23 100 91 25 67 46 84 15 62 11 68 46 90 81 100 1 27 89 15 33 35 64 22 31 58
30 4 52 72 57 28 22 60 12 12 89 56 47 79 7 11 88 37 83 28 5 77 22 36 39 96 16 1 74 30 68 66 52 49 66 5 14 76 30 95 83 7 50 47 99 42 38 58 0 70 90 54 3 4 80 54 97 90 10 17 24 55 87 14 76 38 71 53 2 37 72 48 42 86 0 64 93 54 30 49 87 97 38 48 50 20 50 45 72 85 55 4 77 10 60 21 83 15 56 96 2 78 34 96 63 62 79 1 39 94 5 6 43 92 54 43 77 100 10 70
86 14 74 61 99 17 85 75 17 78 41 1 61 54 35 91 78 76 83 45 44 45 48 32 30 46 93 10 22 50 75 59 71 46 31 5 73 58 66 69 52 48 81 39 33 86 99 66 49 50 83 72 25 41 22 71 41 27 86 28 88 7 20 81 35 89 32 87 72 44 16 61 88 72 23 51 8 72 7 43 44 4 54 90 73 38 27 21 96 99 92 26 87 69 43 17 22 79 19 16 83 88 38 67 16 10 6 54 42 32 12 48 54 1 22 85 53 96 15 87
26 42 16 70 38 40 14 34 14 61 3 79 12 54 18 30 81 82 6 71 23 12 25 54 33 5 12 6 50 79 58 52 40 10 82 12 71 54 52 87 49 35 76 95 48 59 89 77 7 39 66 24 99 7 66 92 77 15 22 63 62 78 26 9 69 36 16 92 9 43 67 85 88 15 39 23 46 37 35 5 73 17 57 1 66 75 75 95 52 70 98 88 84 13 100 84 0 1 89 5 79 32 78 12 24 60 1 85 95 61 48 76 15 18 87 57 70 76 93 36
0 80 28 2 31 84 57 5 62 83 91 42 20 84 39 90 8 47 56 90 85 47 32 30 41 15 86 100 68 34 33 41 46 95 93 79 99 30 34 28 89 24 56 31 27 32 80 6 61 41 26 71 30 49 61 70 82 68 87 62 49 6 1 31 20 57 75 37 21 9 44 63 52 25 91 65 77 71 64 85 84 16 25 40 19 14 99 46 68 85 56 4 82 38 88 10 21 68 94 47 4 94 49 54 73 21 34 48 28 10 8 67 41 47 42 83 32 72 87 42
54 57 35 9 14 93 6 35 86 58 31 90 81 48 76 28 62 86 99 59 86 72 69 12 86 79 35 33 61 97 46 15 13 30 77 16 7 25 73 27 43 70 36 52 94 78 96 35 27 15 23 41 30 11 50 50 91 55 23 38 15 18 89 71 39 21 68 94 18 97 73 0 23 88 19 26 9 98 5 66 43 45 97 75 86 20 94 6 63 36 75 87 34 17 92 90 61 37 12 2 80 51 70 21 82 79 48 67 96 25 71 64 93 55 73 61 89 35 27 41
59 87 67 26 82 57 90 65 75 75 65 18 60 90 98 3 29 78 38 90 38 1 67 39 92 11 26 64 29 27 84 78 17 17 41 36 29 20 75 63 43 46 94 84 85 89 94 71 89 8 15 38 74 69 68 63 24 77 36 37 14 24 62 36 70 10 62 97 51 35 22 11 67 40 18 19 23 20 56 75 95 94 7 54 92 94 56 98 100 99 4 4 31 12 12 12 11 97 95 12 57 53 56 20 65 54 84 24 52 7 41 23 84 20 15 43 21 11 60 11
77 28 80 96 42 84 76 72 93 49 53 78 74 50 81 2 57 49 67 43 26 82 70 95 69 49 28 57 81 10 17 85 95 30 14 80 4 54 71 21 54 62 87 91 26 10 17 14 80 100 99 70 7 38 1 91 35 15 27 63 35 81 49 99 86 1 52 96 42 42 37 50 32 36 91 25 58 78 85 97 0 78 51 33 5 37 23 50 25 95 69 5 29 43 9 76 62 18 8 31 64 34 43 1 41 66 33 87 12 21 40 66 1 96 78 9 60 80 39 58
10 62 42 69 46 99 89 77 9 38 15 80 68 80 28 38 85 58 79 34 40 89 74 80 43 80 78 49 98 50 69 30 69 42 66 62 86 60 98 24 46 70 73 94 27 26 80 87 30 54 36 62 55 52 36 38 44 51 42 5 0 80 91 80 59 58 95 44 35 31 31 3 18 64 2 43 36 97 67 63 63 73 99 86 68 18 93 59 52 76 32 13 74 92 77 44 94 2 98 38 2 39 94 36 82 10 75 16 49 41 100 94 54 15 59 99 98 32 85 85
33 68 100 85 55 15 40 8 47 32 19 16 40 37 64 23 9 44 1 56 20 99 15 97 74 76 26 1 78 9 80 76 88 73 24 99 45 54 80 39 44 67 92 58 19 63 80 1 62 95 75 68 98 77 94 66 90 33 52 60 17 96 85 90 97 44 98 97 12 18 20 91 86 59 13 3 56 46 17 41 21 18 23 33 83 23 18 70 30 19 49 42 25 38 63 46 84 41 93 24 19 29 95 44 12 19 51 91 94 87 59 74 69 61 51 32 23 86 15 53
34 60 12 79 35 46 90 50 8 88 65 84 20 7 86 67 5 93 80 97 26 48 61 0 81 67 70 71 25 67 91 87 9 30 23 46 83 10 63 13 70 39 7 60 35 55 15 61 38 55 75 6 31 53 18 34 93 59 65 16 47 41 40 54 50 15 89 36 47 15 56 11 45 43 18 45 27 97 16 5 38 31 59 75 37 84 17 9 10 53 52 13 37 13 49 100 30 52 82 22 93 48 77 77 83 8 52 0 63 92 12 17 25 17 34 52 83 26 69 5
1 68 99 17 84 42 97 46 27 35 50 38 3 39 25 68 6 10 4 39 1 31 79 85 68 57 81 72 48 18 71 73 44 96 97 36 2 74 2 6 44 78 65 28 16 5 75 12 22 20 57 90 82 86 77 81 20 55 38 6 43 3 67 25 47 36 87 97 36 71 40 59 22 60 4 41 86 99 31 87 63 82 87 45 83 69 89 71 1 65 7 28 50 65 16 94 24 37 74 58 24 40 59 93 78 9 3 8 43 57 92 92 58 54 28 27 33 91 97 43
21 98 100 79 62 9 43 91 5 1 54 9 51 0 38 20 48 40 0 21 58 72 87 17 95 4 21 31 65 34 83 28 91 62 51 70 6 96 51 36 73 95 31 18 62 33 96 46 12 46 26 39 0 69 49 89 93 57 13 65 4 35 12 87 49 55 96 60 85 73 67 88 3 17 46 58 2 14 80 70 74 73 38 93 60 69 6 21 91 4 80 35 39 12 39 97 5 21 68 27 31 0 23 31 55 17 49 18 13 63 95 29 86 54 4 1 38 80 64 21
51 98 83 76 31 90 70 21 1 0 10 55 62 46 55 88 83 28 62 72 96 78 76 55 86 96 67 31 12 15 90 6 5 94 63 71 58 78 27 7 70 77 6 37 63 4 87 64 61 95 25 51 97 27 96 12 44 80 65 13 70 62 69 91 4 19 34 95 82 95 30 94 54 97 79 18 19 50 44 2 55 53 61 23 62 54 49 45 13 60 45 88 94 3 55 0 75 74 34 92 3 63 53 87 95 76 75 62 8 2 93 7 98 13 35 20 3 36 62 13
8 30 0 74 33 87 71 23 5 72 37 85 56 28 45 48 70 12 91 45 93 44 97 74 54 76 84 70 69 55 10 36 85 55 12 80 44 6 15 2 2 48 21 41 16 17 3 25 87 23 90 52 63 56 45 47 19 96 3 40 41 37 19 9 35 16 97 4 39 10 16 46 21 50 3 4 81 78 13 84 97 60 38 7 39 32 98 37 47 18 99 24 30 56 30 39 26 70 92 5 0 84 18 73 46 77 64 64 57 77 74 59 26 70 48 23 71 43 51 34
28 86 48 6 80 3 29 99 51 99 27 34 89 27 35 61 18 89 89 33 62 86 20 23 67 32 80 83 15 64 80 91 51 77 47 13 96 19 55 60 11 96 38 63 45 31 29 1 31 2 61 6 97 6 35 51 70 23 9 33 74 31 93 64 47 85 15 80 98 70 93 53 57 52 45 22 68 67 46 28 41 26 64 95 93 25 81 87 83 94 82 50 65 8 85 73 86 90 60 76 47 84 66 76 19 98 51 77 94 34 92 65 18 84 25 84 7 68 73 4
78 93 80 14 29 22 50 56 2 8 48 72 62 33 59 24 90 71 48 94 94 3 52 84 87 83 61 15 66 37 23 74 49 70 39 79 21 4 51 70 84 69 60 75 51 98 11 8 100 68 88 82 53 35 3 53 19 21 49 81 54 56 82 62 25 19 3 38 14 48 41 3 79 35 3 72 59 4 13 30 44 34 6 83 90 4 47 21 31 94 72 71 35 100 65 31 36 83 19 100 87 18 27 18 20 43 79 49 23 26 31 81 86 28 78 23 38 46 15 64
36 83 24 41 88 87 24 66 29 32 10 11 38 2 72 27 36 16 19 85 85 71 72 79 53 98 69 52 100 66 5 31 96 33 35 3 73 19 1 16 92 20 49 71 95 3 29 87 76 41 79 44 31 38 0 49 36 35 47 95 86 94 42 96 94 10 47 55 23 12 14 92 13 74 27 17 24 76 96 8 27 35 10 46 57 67 67 36 6 44 85 18 80 57 54 5 91 9 0 9 4 93 35 36 55 82 41 90 27 30 85 43 86 33 83 88 75 3 33 28
57 23 11 93 91 68 76 99 24 32 33 47 4 73 97 54 67 97 88 75 61 48 71 44 60 1 92 33 61 20 86 54 26 81 99 78 28 36 97 13 50 76 76 29 43 77 12 35 96 65 23 80 49 19 86 21 77 33 62 61 39 93 84 56 58 72 46 25 35 96 92 88 76 73 22 23 92 64 27 18 60 38 24 60 79 83 58 4 83 16 41 72 13 66 28 23 94 63 63 63 25 22 73 78 22 50 54 5 94 37 26 54 22 94 29 6 48 30 27 97
65 57 49 3 48 14 23 13 30 50 93 85 26 72 21 75 26 21 34 89 51 47 12 9 15 82 32 86 91 42 81 11 95 27 75 71 76 12 79 56 43 15 52 33 32 42 66 57 42 23 77 60 41 75 27 69 27 2 70 59 61 29 94 70 77 4 5 20 28 100 24 97 33 89 26 21 80 25 42 34 78 13 37 91 63 76 64 70 66 50 9 72 37 36 87 89 33 9 60 13 53 16 1 79 11 37 87 61 63 29 99 6 6 53 68 73 87 89 66 64
57 55 50 4 16 80 18 14 9 98 68 63 28 82 93 72 20 46 8 23 74 17 19 53 4 28 68 99 2 50 25 19 51 18 4 43 92 74 80 84 29 78 73 100 38 88 1 1 13 48 98 4 49 88 94 100 7 12 75 94 38 40 43 95 62 83 85 60 29 77 92 15 77 74 86 25 9 76 68 92 72 45 40 46 67 55 37 92 60 95 60 63 45 5 3 37 91 13 75 38 77 76 83 57 72 43 83 33 27 21 97 8 0 50 19 87 59 94 81 67
83 29 50 41 26 9 68 79 23 11 90 49 79 21 2 54 62 61 87 75 35 18 27 37 60 6 16 13 61 15 61 91 42 88 48 82 72 13 11 0 65 5 57 60 48 42 34 16 91 10 79 7 3 16 15 66 29 93 84 59 54 38 70 49 21 39 87 76 5 44 78 98 69 72 49 36 71 28 62 13 34 27 11 82 45 46 89 39 41 82 92 63 47 37 99 99 6 4 31 5 77 50 23 93 62 92 6 90 8 13 73 2 30 53 20 2 41 11 40 17
84 55 57 19 88 98 7 45 51 82 39 25 37 82 77 55 40 64 52 26 28 42 60 27 29 34 8 57 17 10 17 99 23 71 81 84 91 69 51 93 64 78 21 60 20 12 37 87 36 0 51 46 91 27 57 52 97 100 35 93 91 46 8 45 59 86 33 73 47 69 51 13 4 21 68 14 13 85 56 18 94 15 46 60 94 68 69 51 92 87 77 45 7 46 38 81 56 34 11 76 61 24 14 17 73 84 97 31 5 94 17 22 85 67 32 33 25 49 31 76
15 93 1 91 51 37 28 65 71 87 35 11 30 96 36 21 72 96 20 15 4 13 28 20 15 64 6 99 5 88 93 98 19 21 100 54 33 10 22 23 43 93 85 32 37 86 40 19 4 67 69 37 80 64 52 2 46 66 98 1 13 50 88 82 20 95 16 47 12 73 70 56 12 9 90 51 86 6 37 4 19 15 92 9 44 21 86 60 72 28 67 88 66 85 31 8 31 72 48 89 78 71 31 24 63 21 8 80 3 45 40 91 55 5 12 39 45 98 51 91
36 98 97 30 18 74 79 25 39 88 98 88 34 96 38 19 98 59 62 53 65 1 84 48 38 92 51 66 77 73 79 100 60 28 74 46 82 25 97 23 78 2 61 78 15 52 71 6 29 21 20 81 75 8 82 16 66 93 50 66 76 30 64 47 54 93 62 47 62 23 10 63 86 20 38 5 53 18 79 47 49 71 49 18 99 77 38 0 37 59 81 56 59 59 66 7 20 55 59 51 62 1 53 84 78 100 78 81 53 26 25 55 45 96 72 79 4 8 47 3
99 90 91 22 24 38 24 43 5 90 93 74 83 72 35 95 3 58 38 41 39 51 44 38 42 76 98 80 87 19 73 34 50 47 74 43 34 22 21 72 59 65 61 16 98 92 93 22 7 19 13 50 22 22 74 95 84 8 35 47 49 41 14 92 14 29 80 75 48 12 38 25 20 47 41 58 50 44 57 57 26 76 0 13 17 4 79 42 98 87 77 89 74 38 62 66 80 62 81 11 47 69 34 69 10 83 11 9 56 96 1 10 44 5 67 78 57 71 42 20
2 76 19 6 43 42 98 45 25 5 23 55 9 81 49 67 18 17 54 2 35 46 65 3 36 27 41 7 24 29 32 96 63 61 40 38 22 8 30 32 59 87 43 48 93 61 3 23 43 39 100 45 82 53 16 18 88 92 0 72 100 0 65 93 48 13 58 63 37 96 75 21 74 3 10 38 98 66 66 50 43 15 68 57 25 80 96 50 11 99 25 87 84 38 78 24 39 46 12 27 83 97 75 43 89 20 2 59 57 74 18 93 52 66 71 91 51 91 83 85
92 47 92 80 38 34 93 52 58 91 54 1 66 84 50 35 22 32 15 62 58 97 41 12 65 53 8 85 3 64 73 19 0 54 13 37 69 31 66 1 1 97 94 79 19 33 1 73 19 35 69 68 6 44 81 40 81 69 78 43 17 66 7 76 68 89 80 64 4 54 100 46 73 86 82 17 66 30 41 100 11 24 12 13 21 25 60 34 94 41 31 60 80 54 76 12 1 90 38 57 4 51 64 77 55 44 99 40 82 30 94 9 29 36 81 7 93 77 20 61
47 80 34 21 88 6 91 1 53 72 6 38 66 5 71 68 36 43 25 59 29 72 63 97 7 41 17 9 97 28 38 15 37 39 68 13 37 32 13 74 2 87 7 82 5 21 50 69 77 72 41 53 53 91 98 69 32 53 73 13 16 26 13 37 51 73 53 83 93 8 33 94 71 75 59 62 1 37 24 44 56 33 3 100 75 68 5 87 3 90 35 21 94 98 68 43 88 70 92 86 97 27 18 9 38 9 84 90 88 83 57 26 42 83 95 91 57 92 3 21
48 48 63 99 2 40 15 21 98 7 58 23 75 19 1 13 4 57 54 23 85 38 1 47 19 14 41 97 51 71 75 27 58 88 14 36 8 93 89 30 60 81 88 14 19 93 30 82 32 1 51 60 9 42 65 87 77 23 50 58 95 18 96 98 36 56 73 24 83 92 45 76 18 1 19 97 10 80 11 41 66 8 65 32 66 67 49 49 20 51 48 24 52 98 68 43 11 4 48 91 14 79 8 52 66 58 51 8 79 55 77 67 40 43 45 75 62 88 37 35
54 7 13 9 34 86 89 20 25 94 52 67 7 39 69 4 98 72 39 50 9 85 81 92 72 80 19 10 9 34 86 57 89 63 86 28 17 79 82 77 37 3 26 67 83 59 51 60 85 60 74 88 66 3 61 9 30 98 91 8 89 28 47 65 85 92 89 22 78 34 37 71 39 50 19 37 54 49 70 34 11 99 31 59 53 78 56 45 56 90 17 74 10 59 38 77 29 7 54 97 4 10 45 19 98 76 95 53 99 36 63 48 99 75 4 68 50 12 57 100
23 82 42 51 69 25 50 53 28 27 48 27 68 28 59 17 82 41 36 38 11 77 27 26 79 33 43 7 56 81 55 67 26 76 0 85 88 67 37 88 18 55 79 49 26 76 35 65 18 57 29 27 82 75 39 97 86 31 54 13 41 57 21 3 96 5 25 46 34 27 65 40 92 88 16 50 39 37 0 12 69 57 38 60 60 12 63 46 55 56 20 50 2 96 49 86 44 91 22 28 86 64 70 8 32 13 99 91 63 64 87 79 42 87 67 41 48 95 33 40
38 75 69 77 96 67 1 95 61 27 32 71 31 12 2 39 16 77 83 27 64 22 24 64 86 50 41 99 55 89 92 15 97 55 93 17 67 32 63 88 56 67 58 22 0 56 15 41 26 20 12 0 92 21 25 100 5 13 25 57 33 3 91 88 2 11 27 13 28 26 32 32 89 89 93 2 8 44 90 42 30 66 13 35 54 85 41 3 0 42 8 79 5 73 43 77 5 5 74 88 32 79 5 50 22 73 92 90 14 92 60 43 13 56 1 18 43 77 35 34
75 24 30 78 3 56 47 23 4 10 91 76 91 93 69 26 77 25 88 75 29 97 80 87 3 96 54 46 76 98 16 18 2 4 15 62 85 44 2 60 46 14 84 0 14 50 56 14 92 20 17 27 76 29 2 5 68 21 86 100 87 43 65 70 85 72 17 90 38 65 66 11 72 29 84 24 15 17 9 8 41 61 74 56 82 66 78 72 5 16 27 2 93 54 12 98 90 32 62 95 89 96 79 49 58 52 8 82 14 9 56 22 64 36 34 61 89 34 70 70
74 39 59 17 11 47 5 51 50 15 6 19 90 60 59 86 87 17 22 14 98 14 81 58 44 25 12 45 34 91 60 3 0 87 62 90 40 64 6 91 33 90 22 44 55 57 71 54 34 90 20 13 40 99 76 79 60 26 54 80 68 28 50 57 96 15 41 11 4 9 40 97 47 5 9 57 83 72 88 73 54 62 23 86 79 51 11 96 75 59 68 94 26 12 73 5 51 44 19 42 61 80 89 96 81 27 71 16 18 41 31 47 97 9 55 61 10 48 53 38
27 74 22 71 41 19 63 93 84 52 14 73 72 51 51 60 20 24 30 21 22 33 76 24 38 15 94 39 88 43 15 65 63 45 93 92 12 84 12 33 79 79 3 31 24 42 47 75 88 93 94 50 62 20 10 12 74 27 18 38 76 39 87 73 63 61 83 50 57 68 100 91 76 41 9 22 47 88 92 3 93 43 92 55 11 20 90 69 68 33 53 8 80 74 1 0 31 89 96 6 82 28 84 3 62 67 82 84 58 34 60 78 3 21 14 60 42 17 48 4
62 51 43 82 6 5 11 45 40 80 58 30 5 44 59 25 4 77 74 16 30 71 29 38 84 98 99 40 100 32 60 44 31 19 19 23 96 1 80 56 35 49 25 69 5 80 32 62 75 0 14 73 99 60 51 37 50 56 30 99 4 1 33 85 96 82 83 41 36 45 14 78 77 69 40 8 76 72 95 0 33 46 46 89 33 19 5 68 25 63 45 70 14 13 23 67 80 42 80 49 40 94 31 68 34 15 52 61 41 54 100 94 31 57 6 43 29 87 41 77
14 88 91 44 30 84 98 73 10 88 93 66 8 81 58 82 8 76 44 7 16 77 75 5 69 83 86 46 22 39 25 3 11 40 27 66 81 64 70 84 94 71 89 98 51 76 80 67 0 33 89 74 98 29 16 74 11 65 77 49 93 80 28 98 48 42 25 60 3 5 30 44 32 77 60 73 15 16 48 22 72 65 47 26 99 70 94 68 26 58 6 62 81 5 7 94 33 73 9 49 55 4 31 86 91 4 8 71 36 62 97 92 76 41 45 28 62 88 44 83
9 44 80 38 64 19 14 86 43 42 85 77 95 8 72 8 12 60 29 71 9 100 90 38 55 13 71 3 37 71 91 7 34 21 3 28 42 24 80 56 68 49 44 67 68 5 62 86 28 0 64 88 39 44 10 22 93 86 72 17 83 38 28 43 86 63 61 8 48 22 91 58 39 4 89 1 85 11 59 66 31 71 83 51 83 10 84 89 61 18 13 23 90 93 76 8 87 68 69 1 56 4 9 25 41 73 12 25 43 100 23 85 3 59 14 87 65 3 15 63
30 92 90 24 31 59 55 77 13 88 65 48 94 70 71 46 68 30 43 1 83 72 81 41 42 33 91 21 2 18 19 43 29 37 27 6 32 9 44 23 41 9 45 55 66 57 23 37 95 0 33 78 26 51 62 36 53 9 23 67 92 92 9 40 39 50 62 20 72 45 3 89 53 30 1 84 59 77 7 8 23 74 41 60 40 11 54 10 94 89 84 47 39 36 17 2 58 54 76 25 39 17 73 7 48 92 20 90 58 86 82 94 88 19 69 45 68 20 23 62
30 48 16 35 79 85 80 6 0 54 70 6 61 88 14 66 24 92 5 88 13 63 9 6 40 22 73 36 45 3 17 64 10 51 93 63 48 9 49 94 25 43 49 55 26 16 41 66 24 13 15 41 33 96 44 36 17 81 38 46 9 9 35 70 83 100 76 88 1 70 70 5 100 21 84 60 42 94 82 72 25 25 2 7 50 47 63 49 19 72 13 80 24 46 38 60 45 45 9 25 52 9 87 12 84 45 73 97 18 5 50 17 50 28 24 34 61 82 90 11
69 82 52 92 90 86 9 43 1 5 6 90 20 95 76 70 70 93 18 5 24 99 84 13 65 56 34 58 72 59 81 79 80 81 53 39 54 55 59 51 88 83 56 22 34 54 87 0 16 95 27 2 87 62 51 12 99 57 15 2 29 32 55 68 4 18 64 56 41 37 92 52 26 84 26 93 84 16 46 34 98 57 85 99 8 68 100 11 77 80 99 25 51 40 90 100 7 15 51 49 69 22 57 42 53 55 55 50 47 16 13 87 37 4 24 100 3 6 95 32
11 92 15 4 100 14 41 90 71 93 47 23 27 85 44 52 47 5 42 40 100 29 19 0 12 57 60 56 87 54 34 18 81 91 73 80 13 42 1 47 2 83 91 49 67 0 44 97 44 96 48 7 89 13 94 58 80 11 38 10 63 77 10 9 15 91 94 80 19 7 18 11 51 48 18 60 35 99 9 80 43 28 36 39 14 27 65 52 18 90 46 32 92 1 100 10 11 1 58 21 76 100 13 27 38 20 68 81 80 75 43 73 29 34 46 83 96 34 68 66
80 73 68 84 60 39 84 9 38 53 54 76 37 48 50 86 0 41 84 33 24 42 44 95 43 5 37 39 63 81 15 80 24 67 26 71 51 79 79 59 58 31 47 73 25 85 90 9 61 33 81 11 78 88 6 39 26 63 62 14 47 12 89 35 21 0 82 76 63 61 32 31 56 56 65 74 98 88 70 29 44 21 54 53 12 99 46 0 30 5 29 93 61 6 82 46 32 43 41 42 95 22 19 71 10 66 24 73 59 22 70 15 12 58 16 91 72 84 98 68
75 41 6 52 88 7 83 57 59 42 93 91 73 32 72 97 89 69 31 76 74 5 22 77 12 83 4 6 85 38 100 24 3 21 58 48 62 74 82 78 54 41 34 17 42 64 31 12 45 73 27 37 7 25 20 26 97 74 15 6 90 45 41 59 62 66 77 49 37 58 77 68 31 13 28 53 28 59 37 58 23 1 13 73 94 66 58 41 77 96 74 74 85 66 74 90 86 32 24 56 42 85 29 51 48 8 0 33 49 35 51 17 47 84 88 8 85 61 66 62
59 1 54 3 95 84 2 80 37 66 12 5 21 15 51 88 83 70 82 15 87 82 30 9 43 40 63 89 55 2 1 52 19 25 74 12 10 46 5 48 11 47 8 62 70 88 4 99 13 53 89 79 15 18 79 64 11 78 99 91 93 67 23 64 72 5 30 38 31 72 71 10 94 84 82 54 90 4 54 50 33 50 59 22 59 21 61 17 11 46 62 99 54 68 1 5 3 19 67 1 81 83 53 12 20 9 72 48 34 21 79 0 60 27 11 47 20 39 20 59
2 57 51 30 28 44 90 73 2 89 100 79 51 53 62 44 84 73 58 36 81 90 10 22 90 21 56 36 97 32 16 77 28 71 89 27 81 12 30 29 3 92 50 0 85 95 17 27 90 59 67 67 87 16 27 1 32 42 46 51 35 72 65 25 83 45 72 1 65 15 18 57 53 13 79 53 72 84 61 71 49 2 37 64 5 21 72 64 50 89 2 20 79 23 37 76 60 28 88 47 53 67 29 25 43 57 46 19 53 52 80 98 23 83 34 40 40 99 59 100
16 46 50 89 33 81 30 0 83 97 86 43 62 84 67 17 48 11 75 48 81 78 19 47 97 56 71 27 88 82 49 3 61 53 25 74 74 50 80 3 28 1 66 84 45 84 65 74 85 26 63 69 77 14 54 63 54 26 80 42 58 43 66 6 84 34 51 44 5 49 96 24 63 1 80 81 38 7 96 91 15 47 2 23 3 59 6 93 4 54 89 84 64 35 33 46 12 97 6 90 76 99 78 8 18 70 70 60 37 32 51 78 70 31 62 55 84 91 97 73
93 61 31 4 96 26 63 28 50 68 9 8 68 81 91 2 26 19 93 30 92 5 48 74 57 90 53 77 87 16 89 57 34 8 23 24 69 26 38 63 98 29 54 3 76 8 72 20 13 87 97 76 31 36 21 63 49 21 18 1 69 43 37 58 9 90 47 58 6 54 32 3 17 25 57 60 5 39 12 81 72 87 80 57 93 83 19 35 88 60 7 15 12 28 37 48 88 74 62 76 94 100 40 62 92 20 92 75 56 68 17 75 53 57 56 63 20 65 69 74
5 88 35 55 68 45 18 19 79 97 75 23 79 73 78 11 33 48 99 91 81 24 31 70 56 42 37 10 10 31 11 63 43 6 51 80 21 17 31 61 61 72 54 44 77 1 88 76 47 95 46 3 55 79 60 80 12 8 57 59 11 27 76 31 58 66 21 30 64 79 98 86 84 68 94 1 87 80 3 13 59 95 63 14 4 10 100 44 60 81 10 54 84 13 96 76 19 96 6 70 4 35 99 58 7 47 66 74 9 67 81 15 25 12 24 76 30 0 28 32
63 58 11 57 0 76 90 45 2 88 17 65 28 62 16 62 21 17 6 50 65 24 65 11 56 3 85 68 27 18 34 62 73 11 81 78 61 90 51 92 19 14 24 56 48 80 39 48 74 59 49 71 30 82 17 92 28 8 47 17 14 62 45 64 11 20 22 98 98 94 14 99 73 84 35 20 44 92 35 60 0 17 87 22 17 52 52 8 10 50 41 42 68 45 5 52 31 11 78 93 14 6 30 40 38 2 70 26 93 12 1 78 68 88 91 84 87 32 14 23
85 93 85 3 51 36 15 24 77 36 34 2 84 47 31 51 79 20 47 0 24 99 81 72 70 89 63 19 13 51 89 67 91 41 74 32 10 82 45 69 36 75 52 77 74 91 76 15 99 60 51 18 35 52 65 59 53 71 20 65 45 9 100 1 4 43 3 0 50 4 93 86 98 85 68 78 99 39 55 62 63 63 16 87 31 62 35 70 41 81 92 16 59 91 80 65 49 37 56 20 60 53 50 16 1 25 20 63 33 69 74 23 96 78 63 18 28 97 10 51
7 79 43 19 28 63 66 96 46 58 96 61 27 56 2 2 83 95 57 98 55 51 61 40 17 20 56 25 51 57 5 79 76 67 21 87 93 43 75 50 63 100 20 53 95 21 46 94 39 31 61 62 38 58 93 14 87 6 82 90 22 89 36 64 78 73 15 9 96 36 40 37 69 51 27 66 87 68 32 17 73 75 85 67 60 20 92 32 45 95 3 94 67 39 52 1 51 49 96 30 43 81 20 35 50 10 23 42 74 34 95 42 6 95 96 85 75 32 37 30
36 33 7 74 29 79 7 90 76 17 28 79 88 72 85 22 68 8 69 81 68 99 20 34 19 80 52 58 98 22 96 94 95 14 49 87 23 68 50 50 84 39 64 20 41 33 58 74 22 68 11 36 56 12 27 91 67 20 31 85 5 44 42 32 30 6 76 58 49 12 86 28 91 63 4 14 22 19 5 77 46 95 43 71 94 95 18 95 90 20 6 10 27 90 34 12 49 18 85 82 9 82 46 71 35 6 91 28 100 94 3 62 27 65 59 55 73 14 69 43
85 42 70 6 83 96 83 39 57 37 96 65 21 72 40 97 35 2 57 76 5 90 7 11 87 42 44 1 50 70 14 67 62 58 36 21 97 77 3 65 30 95 97 44 39 89 55 94 66 47 9 51 27 65 18 79 54 56 80 77 47 8 29 70 67 100 90 87 87 77 18 8 90 63 28 56 80 88 35 42 0 50 4 7 2 86 53 84 68 23 16 45 52 54 43 28 7 81 1 98 6 55 36 78 15 6 28 74 79 45 61 28 48 27 89 60 46 38 87 43
28 83 44 84 77 64 80 89 75 83 51 21 49 43 75 52 27 25 55 25 17 7 79 50 26 94 27 2 42 87 62 76 61 84 43 59 42 44 7 28 36 11 19 53 22 88 11 32 28 85 48 24 69 86 95 23 93 52 5 52 70 30 18 89 87 65 93 61 22 77 29 79 74 56 95 86 59 76 28 25 13 65 49 17 24 17 6 91 82 57 55 32 50 3 27 58 90 45 72 74 64 53 1 4 58 2 4 63 32 87 32 48 75 45 73 99 20 60 55 50
7 28 95 23 62 37 15 95 23 35 28 93 48 28 83 71 97 62 74 100 88 67 92 2 76 87 67 66 67 32 8 11 9 56 77 97 93 37 90 45 73 80 59 95 18 87 17 4 94 47 11 15 28 25 24 55 36 83 80 75 99 100 25 87 46 100 50 18 23 10 54 85 49 4 35 60 71 55 79 67 64 79 2 26 77 67 43 38 1 96 99 60 39 22 84 56 99 9 44 54 93 51 52 40 18 67 14 50 41 78 7 80 74 42 49 66 21 73 87 30
89 51 21 69 94 86 2 90 71 14 63 6 79 94 91 98 43 8 46 7 10 40 16 16 9 18 15 19 83 25 26 13 92 32 7 61 82 78 3 58 92 97 48 11 24 25 95 63 18 5 1 69 63 68 84 62 15 49 93 36 86 88 87 87 20 54 0 84 84 12 58 57 76 29 3 61 3 63 61 24 4 19 58 40 97 75 41 44 86 60 84 74 46 38 24 25 73 77 23 6 99 30 43 95 5 61 72 70 56 0 57 28 11 92 50 7 13 45 85 29
26 54 44 64 83 56 65 14 48 86 11 50 25 53 43 43 28 58 62 0 8 90 63 86 79 12 89 54 46 76 16 91 46 23 38 83 83 46 97 29 89 20 27 89 75 97 51 19 59 43 35 72 42 79 45 80 38 84 64 42 72 94 42 14 89 98 38 35 22 40 60 13 36 96 25 90 66 72 60 8 54 93 15 74 21 59 24 82 40 24 31 34 96 41 44 79 82 27 68 31 60 25 25 42 10 56 58 28 74 65 98 5 79 16 87 1 31 76 12 83
95 74 53 90 82 74 47 33 39 19 13 90 19 60 92 14 14 29 47 37 31 95 25 93 91 82 44 96 31 92 63 89 52 78 4 70 64 81 45 47 73 56 82 26 96 63 79 98 95 14 69 3 100 55 1 55 42 24 63 41 98 47 49 16 56 5 28 71 14 29 60 84 29 54 60 95 11 41 35 93 10 41 68 95 9 27 17 32 78 7 84 54 54 21 43 81 8 58 27 56 29 78 17 89 22 47 13 68 49 50 51 62 56 76 6 99 68 95 63 7
32 13 25 65 11 67 58 81 48 23 70 42 17 61 33 5 32 0 12 94 8 16 45 9 71 51 34 58 35 72 18 97 77 22 98 42 45 30 21 33 97 42 43 55 94 56 4 21 66 61 25 41 29 42 20 71 7 83 86 14 61 64 43 99 39 40 47 64 12 87 21 60 53 64 12 71 72 25 74 42 73 59 31 59 16 56 100 73 74 59 57 93 52 45 89 21 16 66 78 29 53 51 44 63 18 33 59 53 66 49 13 78 19 59 85 92 37 39 0 20
29 14 79 61 53 20 79 49 11 71 95 66 2 18 37 50 40 59 72 92 38 62 81 91 19 86 20 46 20 52 41 19 95 41 60 25 57 81 7 29 45 58 55 56 61 53 85 87 95 70 8 15 43 23 36 98 68 33 5 78 45 54 46 33 2 55 26 81 9 91 50 92 80 56 56 67 8 59 20 64 92 42 28 35 72 45 66 41 79 84 89 75 99 94 27 44 30 66 4 75 95 6 75 78 75 30 67 42 76 92 58 52 1 85 99 62 84 67 17 83
7 46 85 84 76 8 50 14 89 98 53 29 40 9 12 53 4 88 40 46 33 10 59 24 0 69 11 69 58 35 26 47 45 51 24 13 41 64 50 77 87 71 26 50 46 51 89 46 39 5 78 26 88 59 9 19 4 93 3 21 13 92 13 2 66 33 98 2 100 71 11 14 96 68 12 61 53 47 73 69 83 18 40 46 16 24 34 60 68 42 60 23 37 18 21 84 41 13 85 63 46 75 2 86 20 70 13 68 51 91 86 27 75 88 18 19 41 56 69 35
26 12 23 24 20 1 46 24 87 32 25 97 71 74 32 55 51 79 29 29 32 31 32 52 54 37 89 47 29 83 84 91 74 66 58 49 33 30 86 3 76 43 61 3 14 20 41 0 61 80 24 70 83 60 70 20 7 20 91 11 6 14 88 49 39 55 28 88 22 89 83 44 83 86 42 30 83 45 62 13 57 47 26 89 97 83 62 18 45 93 26 81 79 63 93 27 95 14 92 47 38 100 18 59 53 81 15 39 70 58 25 31 76 87 56 88 57 15 70 9
41 8 25 79 45 33 71 5 69 74 55 33 30 28 93 22 53 17 38 92 13 50 71 79 38 4 23 16 40 16 82 25 64 24 4 31 9 8 25 57 24 86 52 27 35 23 40 92 93 63 9 74 26 92 25 45 98 47 19 9 20 25 83 37 60 71 3 99 71 99 17 75 4 72 96 9 62 54 53 49 96 49 93 54 21 31 57 17 9 64 55 34 34 29 50 61 40 20 78 10 73 100 5 70 13 4 33 85 64 38 60 86 61 83 92 43 62 92 62 57
27 96 77 53 21 26 36 59 13 16 31 94 44 86 54 98 100 27 25 84 91 36 99 44 29 91 88 12 33 55 88 71 62 78 63 17 96 97 22 4 22 57 96 90 96 36 67 21 27 19 52 10 0 64 47 78 7 6 40 67 8 18 73 99 45 22 81 67 59 64 34 56 100 84 54 64 43 51 15 25 81 31 14 55 89 77 62 3 27 61 83 62 82 79 73 22 46 15 35 12 54 12 34 55 53 83 15 13 48 3 34 33 76 84 58 84 40 6 32 1
30 71 36 57 19 55 28 54 33 59 13 58 33 14 28 74 58 45 28 52 10 91 80 42 41 92 16 85 14 81 59 29 81 53 82 62 49 87 3 40 28 92 17 53 1 32 27 15 74 56 72 72 32 3 93 37 55 16 36 91 23 68 12 44 50 24 94 33 65 41 85 43 54 7 19 80 33 39 80 75 4 41 28 7 38 73 58 89 78 11 93 92 75 56 27 65 59 42 28 21 3 57 64 9 51 9 80 54 41 18 53 35 57 12 97 29 60 61 45 57
8 43 37 0 25 82 0 84 65 36 73 76 81 90 57 99 54 62 27 41 25 44 98 59 53 4 100 74 73 23 85 60 71 62 88 77 45 88 77 26 63 51 6 64 85 10 27 2 94 9 55 64 99 64 53 65 14 40 1 40 63 48 92 43 61 98 95 12 17 81 19 73 64 71 35 90 52 13 44 41 69 76 64 63 93 31 71 2 71 96 75 25 68 3 96 46 24 15 12 40 11 43 97 42 75 32 90 75 10 7 62 52 98 41 28 44 67 61 34 28
15 24 23 53 73 53 90 50 92 93 37 29 59 52 24 2 94 79 23 44 9 100 43 67 36 94 46 51 86 99 10 25 55 65 4 86 69 74 96 59 1 26 22 81 53 61 87 81 77 12 15 65 79 96 65 2 57 50 30 14 12 66 83 17 32 43 54 78 32 97 85 91 40 55 99 3 92 18 58 13 74 88 93 78 36 91 38 89 9 63 5 95 47 61 55 46 92 34 56 42 21 24 75 58 85 16 99 89 68 53 7 87 31 69 43 80 80 0 15 34
90 29 81 61 44 72 36 18 4 8 33 4 39 76 37 1 60 58 67 60 1 7 59 78 40 44 19 31 29 37 58 14 14 52 60 63 14 31 10 93 94 100 51 90 55 17 47 19 63 86 39 52 29 12 64 13 27 17 44 47 1 28 61 80 97 53 19 21 99 22 43 49 33 52 94 34 18 23 46 28 71 6 73 40 11 51 25 42 97 32 84 77 90 29 83 6 77 51 9 47 58 67 12 40 74 15 83 25 20 66 23 59 67 70 16 35 10 27 57 31
84 80 43 2 67 16 75 6 23 65 4 7 37 58 38 32 56 54 85 41 27 9 21 37 96 29 14 9 10 0 31 100 90 13 52 100 36 26 81 14 83 80 41 32 80 38 88 9 80 55 25 55 63 55 12 26 67 77 66 60 23 64 78 0 54 96 89 8 36 68 0 2 3 49 16 25 15 82 93 54 82 91 81 45 48 26 30 38 52 86 90 71 51 49 29 11 20 10 37 27 10 7 91 26 55 0 34 0 85 97 63 65 60 84 74 5 44 87 40 30
41 91 69 32 97 60 63 41 65 76 80 11 85 51 30 25 49 56 17 78 22 98 72 51 76 24 83 50 67 18 57 58 41 21 85 81 5 27 25 52 35 58 52 43 76 84 55 59 99 58 79 50 26 79 33 34 14 39 90 4 83 48 97 51 72 84 44 95 75 68 59 73 32 35 0 67 35 27 84 39 8 50 76 17 0 71 16 74 82 35 71 51 16 29 1 76 100 17 2 33 72 33 60 75 7 90 55 97 22 29 73 62 64 61 95 72 23 77 9 18
79 12 4 78 55 6 75 22 100 37 66 9 39 84 58 94 45 51 10 87 0 63 69 6 24 56 70 49 92 37 23 35 68 14 18 54 46 46 55 83 0 66 20 95 37 83 62 75 52 15 99 43 92 68 29 18 88 61 8 28 99 20 27 71 76 75 17 78 12 100 56 81 94 42 85 56 2 13 67 21 27 54 62 91 64 30 64 0 95 92 75 71 92 96 33 72 22 96 55 100 46 95 54 21 95 57 98 8 55 6 0 60 37 3 24 0 0 3 49 3
82 72 49 26 26 64 0 2 20 6 2 81 26 98 77 5 75 77 20 40 28 17 28 4 80 61 4 57 33 9 100 62 23 77 48 38 32 29 42 44 20 15 83 40 3 69 46 55 80 47 11 22 37 93 91 2 63 57 36 76 38 57 94 63 63 54 12 66 65 11 8 38 43 75 1 19 25 99 46 70 54 71 12 8 37 48 99 52 18 83 80 56 91 45 66 46 69 84 96 57 16 17 14 58 83 66 32 86 7 73 57 30 60 59 43 97 24 91 18 45
57 96 39 89 84 34 59 8 5 95 53 67 91 42 76 14 45 92 100 59 84 49 82 16 73 23 45 52 23 12 13 15 94 19 6 19 28 63 70 86 74 39 36 31 91 7 94 5 66 90 73 98 43 52 52 59 10 87 60 71 6 58 44 58 12 24 48 12 66 83 19 3 11 2 71 81 44 23 55 27 96 35 72 84 63 85 97 57 36 91 83 67 39 26 97 51 92 88 56 48 17 55 78 52 67 42 70 61 64 68 63 91 26 86 14 11 25 22 69 73
25 31 51 82 85 62 20 91 27 27 7 11 98 21 39 87 92 62 97 27 99 82 42 94 16 8 48 41 18 91 2 65 94 42 66 0 51 49 0 60 89 21 0 94 48 57 45 48 66 72 95 2 94 54 81 75 79 66 49 12 22 64 96 32 33 20 33 76 88 0 38 28 48 59 71 98 24 91 50 12 82 78 33 97 73 28 73 84 75 60 78 94 53 23 48 22 65 53 21 50 32 98 58 8 0 29 23 20 70 54 27 29 3 76 21 32 12 12 14 97
18 62 97 1 30 19 8 87 73 90 31 76 11 45 31 9 77 23 69 58 12 89 79 90 50 97 90 81 39 94 89 3 59 15 11 64 84 25 31 20 89 24 14 91 60 63 9 13 71 21 89 25 88 4 38 97 59 35 6 96 90 77 32 51 20 71 97 39 51 6 8 38 89 77 52 88 75 94 20 53 75 90 81 69 66 80 11 64 34 61 42 84 97 47 43 32 79 57 37 95 58 80 91 53 92 47 83 25 19 60 86 40 33 99 57 32 58 66 49 27
99 43 59 23 76 26 95 92 1 60 16 20 69 72 53 36 82 60 25 11 17 76 15 30 33 42 12 34 49 28 91 21 70 20 49 69 71 85 24 90 23 83 75 10 44 1 26 72 63 12 100 55 87 5 6 72 60 71 69 53 31 86 98 32 43 40 22 74 43 18 37 68 86 36 85 42 71 9 31 32 31 32 17 91 98 2 33 76 93 59 27 82 99 70 51 70 19 50 29 22 77 34 10 21 87 31 13 38 80 25 23 48 92 53 84 13 46 1 63 91
55 59 49 46 25 63 65 35 12 19 6 45 91 87 36 6 15 14 99 81 3 58 9 65 20 95 94 70 97 20 88 73 26 23 30 68 12 60 1 19 82 21 47 89 84 21 12 92 51 63 88 58 67 32 81 55 52 32 77 47 18 31 27 87 77 22 62 13 9 4 54 51 39 35 60 65 83 61 75 86 37 85 31 60 100 75 48 6 10 6 71 16 9 5 34 9 7 48 61 87 43 66 93 58 59 64 84 2 49 72 47 97 4 76 17 57 3 46 85 91
44 27 100 78 76 83 99 0 33 16 70 84 84 60 7 81 23 9 8 74 42 8 14 30 65 85 97 98 73 20 33 49 92 49 9 2 34 68 0 4 47 49 97 46 0 38 62 83 95 8 46 15 71 53 59 30 35 0 23 19 88 29 36 37 43 78 64 71 23 45 47 6 14 33 57 3 36 56 27 88 56 32 64 12 41 54 90 52 37 9 67 5 24 31 55 57 96 64 99 6 94 93 70 16 69 0 55 13 86 42 63 68 79 65 17 0 19 40 34 58
95 100 91 5 65 35 19 44 62 7 24 72 65 77 97 90 65 39 20 17 66 32 88 41 69 57 71 70 79 93 97 21 15 79 82 30 74 67 24 16 68 66 83 2 93 65 61 12 25 43 12 58 38 87 32 86 67 66 60 59 100 15 90 16 83 43 26 99 11 55 48 75 62 37 52 19 21 16 72 97 93 79 4 23 65 84 25 27 4 25 18 69 63 33 70 0 71 10 26 61 98 82 76 38 26 43 76 71 94 100 64 80 49 10 9 30 42 72 30 72
45 40 18 46 35 94 21 37 27 76 93 31 52 76 97 72 8 94 16 77 69 91 97 75 27 63 94 20 76 57 87 0 17 55 40 10 17 38 2 17 41 52 15 79 55 46 59 16 25 58 80 61 73 51 26 61 58 22 1 79 62 88 9 12 90 63 29 21 14 95 10 79 16 49 79 43 100 81 52 95 5 26 20 75 42 11 9 45 4 24 71 11 10 24 14 19 30 96 70 68 99 99 47 79 66 72 64 44 15 92 87 88 26 58 75 93 96 54 49 11
22 92 4 43 76 97 69 11 8 99 90 93 23 88 49 24 21 23 80 58 29 86 88 54 1 68 7 56 63 65 24 50 43 62 98 77 56 61 25 95 1 58 33 96 11 75 16 93 32 21 30 36 4 19 38 10 82 9 97 43 35 47 82 42 16 70 11 96 28 80 76 28 22 46 81 63 70 17 83 28 65 49 23 9 44 79 0 80 72 38 86 11 84 93 38 88 56 76 23 78 17 82 65 16 62 18 43 44 19 12 18 80 84 75 93 63 56 52 34 81
28 87 9 40 38 43 59 63 68 48 90 56 24 97 100 29 34 29 28 50 22 11 73 43 79 68 29 13 12 66 90 26 37 95 9 87 81 43 0 50 26 79 46 99 12 36 39 88 77 32 50 20 43 38 82 3 8 91 23 48 16 17 42 57 59 35 75 43 89 47 13 69 30 70 36 52 68 14 42 25 57 20 7 35 64 91 2 15 41 68 49 76 15 30 83 45 74 66 26 1 53 19 67 67 43 57 30 63 13 33 96 10 19 55 58 92 75 7 60 42
54 71 57 100 84 90 69 9 78 81 22 30 72 63 54 36 33 71 66 99 16 68 25 47 7 32 55 77 55 98 31 95 100 41 41 12 54 88 62 15 96 49 32 72 13 68 87 83 57 56 64 10 0 94 25 24 89 65 97 15 18 40 18 100 80 79 77 79 91 91 98 37 75 52 11 39 42 4 54 71 68 91 38 15 44 18 59 7 3 46 75 30 26 100 47 74 44 19 29 78 23 22 10 25 12 98 93 79 44 74 97 47 88 30 52 57 48 87 31 66
52 53 51 92 61 2 54 49 13 69 18 86 99 50 49 46 44 25 36 6 74 37 90 77 73 54 48 28 30 22 75 67 65 81 33 100 26 31 10 74 73 82 83 99 39 30 100 88 64 11 52 22 39 92 38 79 11 47 55 18 9 93 49 77 63 79 37 61 98 72 33 34 20 9 40 44 17 0 90 49 37 85 34 66 69 26 94 27 96 54 41 15 93 76 16 10 51 57 57 100 23 97 94 2 62 39 96 69 86 5 20 18 71 66 36 94 50 10 37 35
81 75 82 62 80 35 36 95 20 44 9 44 1 38 33 45 29 65 58 21 96 86 80 50 65 33 22 78 28 34 6 61 71 46 23 35 70 53 92 48 99 95 55 13 95 0 18 74 49 73 98 51 1 41 82 81 46 46 37 26 15 69 88 60 80 99 13 61 33 97 34 60 34 8 85 58 34 65 89 48 58 6 72 80 62 8 44 99 71 49 1 54 42 85 14 1 83 38 76 7 44 97 72 78 92 44 29 85 93 55 77 30 50 12 55 58 79 21 73 53
92 85 8 58 66 27 44 80 9 89 91 65 68 57 3 64 73 65 98 52 45 51 100 35 80 29 4 31 43 1 55 45 74 12 99 78 2 100 30 100 42 81 95 77 51 49 33 14 54 47 76 77 55 71 97 61 15 91 5 29 38 34 91 44 6 6 84 87 35 39 12 93 54 67 2 48 10 45 73 14 85 24 10 96 25 85 13 23 1 34 61 97 46 89 71 64 9 54 49 29 26 72 0 3 87 71 15 44 45 38 9 65 67 83 84 5 50 22 18 57
72 65 20 17 1 62 52 8 33 74 2 55 7 51 19 61 40 20 49 55 83 82 53 81 33 62 66 72 79 40 89 46 11 8 42 91 98 100 4 46 61 35 17 40 21 89 61 53 97 16 25 89 33 70 67 7 3 83 94 42 94 88 79 62 88 66 60 66 13 11 15 10 91 24 6 3 73 11 37 65 45 70 56 88 10 66 50 28 39 17 30 41 80 40 95 36 67 31 99 62 85 82 26 77 81 89 99 98 67 8 62 68 98 82 5 20 80 11 27 84
82 66 41 82 1 64 93 96 75 69 26 9 25 30 17 91 47 97 8 73 78 80 8 7 29 86 5 69 92 63 50 67 41 64 99 39 42 10 29 16 16 12 2 0 39 9 87 81 53 51 79 55 27 30 63 6 61 86 1 64 68 3 69 8 89 46 98 35 70 7 20 63 11 91 60 86 27 25 54 18 34 72 19 91 46 88 99 33 88 67 27 69 1 23 98 25 6 48 76 22 59 50 93 11 74 71 28 88 82 6 17 78 5 65 44 24 23 85 50 2
67 72 17 1 7 67 79 8 49 7 93 92 26 33 62 95 95 32 46 84 3 22 5 85 94 60 8 15 7 24 65 30 40 4 24 75 5 30 89 99 15 46 3 84 11 8 15 58 45 82 95 39 50 83 68 1 60 85 64 52 26 3 19 21 55 22 88 47 64 77 92 37 91 4 42 50 94 86 63 38 67 51 53 30 7 86 96 85 83 28 100 20 50 75 17 4 26 16 36 16 57 97 9 43 41 91 60 6 67 62 98 59 70 79 97 35 50 92 63 67
81 57 36 70 66 18 80 86 69 5 84 98 46 71 22 46 75 65 79 36 8 55 86 32 22 70 96 16 42 23 13 40 34 72 30 86 66 0 3 60 58 6 15 7 40 7 58 19 13 35 34 28 47 21 34 45 98 21 88 34 37 56 73 84 22 19 10 100 48 10 90 47 41 29 63 39 65 24 77 39 10 49 58 21 30 25 11 31 17 21 76 3 73 52 29 66 47 89 97 28 67 83 38 43 49 81 39 63 58 61 50 81 17 88 14 63 64 26 94 22
65 41 77 33 18 30 73 8 71 24 88 82 83 85 50 84 91 50 16 77 71 20 46 8 14 72 26 33 71 40 10 2 47 79 46 83 2 81 52 85 98 53 70 100 68 54 63 75 24 82 26 89 96 57 31 48 61 96 7 92 96 58 61 46 61 22 74 51 16 43 90 92 1 40 59 79 88 62 47 8 81 27 44 39 35 8 73 19 41 72 27 22 94 84 48 25 66 41 18 81 35 4 97 34 40 84 6 44 26 24 76 91 53 92 43 92 7 54 46 6
64 22 100 88 83 15 17 38 29 12 56 20 62 27 64 79 69 23 76 66 8 63 46 59 18 88 17 65 2 65 63 16 85 63 41 52 94 86 62 12 15 8 27 17 74 23 96 59 6 49 83 75 80 16 23 22 98 93 61 39 61 15 64 72 25 38 69 6 17 12 76 72 40 52 64 80 56 77 69 49 9 57 19 74 17 65 44 11 67 39 99 4 98 28 71 5 98 87 45 30 66 22 74 72 54 69 39 18 43 75 16 23 44 99 88 11 86 70 80 46
45 25 8 36 8 70 100 91 20 63 63 98 12 97 15 74 72 20 23 100 75 23 28 61 63 88 3 98 77 35 60 74 74 65 1 98 4 46 24 37 24 45 88 73 33 25 45 2 80 97 17 43 79 46 30 92 31 18 89 47 52 51 52 74 12 83 54 92 45 32 91 84 11 1 79 98 34 15 58 16 49 17 29 71 57 36 75 87 38 8 61 21 83 27 56 63 24 35 83 81 3 26 99 44 17 1 51 29 55 73 32 93 5 27 70 49 11 1 56 43
49 44 61 49 74 95 72 36 18 83 27 26 17 48 40 99 50 28 70 68 65 61 55 23 64 94 30 49 90 91 60 87 45 94 9 77 21 87 85 81 19 36 77 84 36 2 92 22 16 85 27 89 28 30 78 79 71 61 80 0 3 92 93 6 96 100 52 2 16 44 74 68 44 1 31 30 40 7 24 22 94 57 12 95 1 8 52 73 38 69 99 8 88 84 54 47 40 55 98 44 6 20 36 12 7 54 81 71 31 48 92 9 28 84 26 12 35 97 66 60
80 42 75 25 91 79 82 57 53 40 41 35 10 1 26 85 13 58 33 40 23 83 36 34 33 20 38 0 29 3 87 40 91 32 8 26 52 100 29 49 40 74 57 58 73 54 85 51 4 22 3 76 23 87 1 83 58 3 15 39 75 56 28 64 61 42 53 59 30 1 2 24 78 91 54 61 41 20 63 80 12 74 64 18 74 21 95 29 57 59 80 44 85 42 60 10 67 13 52 7 29 76 53 84 24 38 94 87 39 98 81 51 32 13 64 33 12 83 59 29
66 69 43 21 65 87 60 50 8 38 29 17 29 68 59 29 5 24 82 54 95 73 0 57 18 30 49 15 28 40 37 28 17 95 12 22 47 94 3 91 69 78 72 56 92 26 10 68 100 88 29 85 27 90 5 73 56 54 84 13 87 86 37 38 25 11 25 84 34 82 4 54 53 12 3 44 34 20 5 35 83 95 95 18 92 67 25 31 31 60 78 7 6 25 76 55 87 28 22 15 35 77 58 68 57 4 14 70 4 69 24 52 91 53 56 31 72 34 37 21
